pdbid,stem_idx,stem_len,sform,step_idx,step_name,step_id,origin,M_axis
158d,0,10,B,1,CG/AT,A.DC2&B.DG19&&A.DA3&B.DT18,"-0.990,2.377,3.229","0.658,0.749,0.078,-0.746,0.662,-0.065,-0.101,-0.016,0.995"
158d,0,10,B,2,TA/GC,B.DT18&A.DA3&&B.DG19&A.DC2,"-1.383,2.103,3.274","0.658,0.746,0.101,-0.749,0.662,-0.016,-0.078,-0.065,0.995"
158d,0,10,B,3,AT/AT,A.DA3&B.DT18&&A.DA4&B.DT17,"0.687,1.008,3.097","0.907,0.389,-0.159,-0.390,0.920,0.028,0.157,0.036,0.987"
158d,0,10,B,4,TA/TA,B.DT17&A.DA4&&B.DT18&A.DA3,"-0.524,0.747,3.201","0.907,0.390,-0.157,-0.389,0.920,0.037,0.159,0.028,0.987"
158d,0,10,B,5,AT/GC,A.DA4&B.DT17&&A.DG5&B.DC16,"0.025,-0.040,3.299","0.795,0.607,-0.007,-0.606,0.793,-0.063,-0.032,0.055,0.998"
158d,0,10,B,6,CG/TA,B.DC16&A.DG5&&B.DT17&A.DA4,"0.030,-0.254,3.289","0.795,0.606,0.032,-0.606,0.793,0.054,0.008,-0.063,0.998"
158d,0,10,B,7,GC/CG,A.DG5&B.DC16&&A.DC6&B.DG15,"0.551,-1.206,3.686","0.776,0.630,-0.025,-0.627,0.776,0.076,0.067,-0.043,0.997"
158d,0,10,B,8,GC/CG,B.DG15&A.DC6&&B.DC16&A.DG5,"0.425,-1.001,3.763","0.776,0.627,-0.068,-0.630,0.775,-0.043,0.025,0.076,0.997"
158d,0,10,B,9,CG/TA,A.DC6&B.DG15&&A.DT7&B.DA14,"0.220,-0.206,3.425","0.822,0.569,-0.016,-0.569,0.822,0.033,0.032,-0.018,0.999"
158d,0,10,B,10,AT/GC,B.DA14&A.DT7&&B.DG15&A.DC6,"-0.009,-0.181,3.433","0.822,0.569,-0.032,-0.569,0.822,-0.018,0.016,0.033,0.999"
158d,0,10,B,11,TA/TA,A.DT7&B.DA14&&A.DT8&B.DA13,"-0.208,0.549,3.274","0.871,0.453,-0.190,-0.455,0.890,0.037,0.186,0.054,0.981"
158d,0,10,B,12,AT/AT,B.DA13&A.DT8&&B.DA14&A.DT7,"0.553,0.704,3.203","0.871,0.455,-0.185,-0.453,0.890,0.054,0.190,0.037,0.981"
158d,0,10,B,13,TA/GC,A.DT8&B.DA13&&A.DG9&B.DC12,"-1.429,2.070,3.165","0.672,0.732,0.114,-0.736,0.677,-0.005,-0.081,-0.081,0.993"
158d,0,10,B,14,CG/AT,B.DC12&A.DG9&&B.DA13&A.DT8,"-0.917,2.436,3.093","0.672,0.736,0.081,-0.732,0.676,-0.080,-0.114,-0.005,0.993"
196d,0,10,B,15,TA/CG,A.DT2&B.DA19&&A.DC3&B.DG18,"-0.200,-0.309,3.557","0.766,0.637,-0.082,-0.639,0.770,0.001,0.064,0.052,0.997"
196d,0,10,B,16,GC/AT,B.DG18&A.DC3&&B.DA19&A.DT2,"0.643,-0.105,3.517","0.766,0.639,-0.064,-0.637,0.770,0.052,0.082,0.002,0.997"
196d,0,10,B,17,CG/TA,A.DC3&B.DG18&&A.DT4&B.DA17,"-0.115,0.139,3.162","0.883,0.466,-0.050,-0.463,0.884,0.056,0.071,-0.026,0.997"
196d,0,10,B,18,AT/GC,B.DA17&A.DT4&&B.DG18&A.DC3,"0.196,0.352,3.141","0.883,0.463,-0.071,-0.467,0.884,-0.026,0.050,0.055,0.997"
196d,0,10,B,19,TA/CG,A.DT4&B.DA17&&A.DC5&B.DG16,"0.477,1.734,3.399","0.762,0.647,-0.029,-0.646,0.763,0.013,0.031,0.009,0.999"
196d,0,10,B,20,GC/AT,B.DG16&A.DC5&&B.DA17&A.DT4,"-1.384,1.060,3.427","0.762,0.646,-0.032,-0.646,0.763,0.009,0.029,0.013,0.999"
196d,0,10,B,21,CG/GC,A.DC5&B.DG16&&A.DG6&B.DC15,"-1.398,0.650,3.447","0.832,0.554,-0.028,-0.555,0.830,-0.047,-0.003,0.055,0.998"
196d,0,10,B,22,CG/GC,B.DC15&A.DG6&&B.DG16&A.DC5,"0.899,1.153,3.482","0.832,0.555,0.003,-0.555,0.830,0.055,0.028,-0.047,0.998"
196d,0,10,B,23,GC/AT,A.DG6&B.DC15&&A.DA7&B.DT14,"0.143,0.500,3.255","0.740,0.670,-0.056,-0.670,0.742,0.039,0.067,0.009,0.998"
196d,0,10,B,24,TA/CG,B.DT14&A.DA7&&B.DC15&A.DG6,"-0.259,0.402,3.262","0.740,0.669,-0.068,-0.670,0.742,0.009,0.056,0.039,0.998"
196d,0,10,B,25,AT/GC,A.DA7&B.DT14&&A.DG8&B.DC13,"0.236,0.362,2.974","0.879,0.466,-0.105,-0.472,0.881,-0.041,0.074,0.086,0.994"
196d,0,10,B,26,CG/TA,B.DC13&A.DG8&&B.DT14&A.DA7,"-0.062,0.086,3.004","0.878,0.472,-0.074,-0.465,0.881,0.086,0.105,-0.041,0.994"
196d,0,10,B,27,GC/AT,A.DG8&B.DC13&&A.DA9&B.DT12,"-0.075,-0.433,3.479","0.788,0.614,0.038,-0.615,0.788,0.017,-0.019,-0.036,0.999"
196d,0,10,B,28,TA/CG,B.DT12&A.DA9&&B.DC13&A.DG8,"0.194,-0.237,3.493","0.788,0.615,0.019,-0.614,0.788,-0.037,-0.038,0.016,0.999"
1d23,0,10,B,29,GC/AT,A.DG2&B.DC19&&A.DA3&B.DT18,"0.302,-0.317,3.664","0.737,0.676,0.022,-0.676,0.737,0.002,-0.014,-0.017,1.000"
1d23,0,10,B,30,TA/CG,B.DT18&A.DA3&&B.DC19&A.DG2,"-0.088,-0.429,3.664","0.737,0.676,0.014,-0.676,0.737,-0.016,-0.022,0.002,1.000"
1d23,0,10,B,31,AT/TA,A.DA3&B.DT18&&A.DT4&B.DA17,"0.512,-0.443,3.142","0.838,0.546,-0.016,-0.545,0.837,-0.046,-0.012,0.047,0.999"
1d23,0,10,B,32,AT/TA,B.DA17&A.DT4&&B.DT18&A.DA3,"-0.138,-0.794,3.111","0.838,0.545,0.012,-0.545,0.837,0.047,0.016,-0.046,0.999"
1d23,0,10,B,33,TA/CG,A.DT4&B.DA17&&A.DC5&B.DG16,"-0.084,-0.225,3.338","0.761,0.642,0.088,-0.646,0.763,0.016,-0.057,-0.069,0.996"
1d23,0,10,B,34,GC/AT,B.DG16&A.DC5&&B.DA17&A.DT4,"-0.085,-0.064,3.345","0.761,0.646,0.057,-0.643,0.763,-0.069,-0.088,0.016,0.996"
1d23,0,10,B,35,CG/GC,A.DC5&B.DG16&&A.DG6&B.DC15,"-0.018,0.535,3.347","0.871,0.457,-0.181,-0.454,0.889,0.059,0.189,0.031,0.982"
1d23,0,10,B,36,CG/GC,B.DC15&A.DG6&&B.DG16&A.DC5,"0.378,0.683,3.298","0.871,0.454,-0.188,-0.457,0.889,0.031,0.181,0.060,0.982"
1d23,0,10,B,37,GC/AT,A.DG6&B.DC15&&A.DA7&B.DT14,"-0.713,0.431,3.306","0.766,0.643,0.007,-0.641,0.764,-0.072,-0.051,0.051,0.997"
1d23,0,10,B,38,TA/CG,B.DT14&A.DA7&&B.DC15&A.DG6,"0.247,0.549,3.356","0.766,0.641,0.051,-0.643,0.765,0.051,-0.007,-0.072,0.997"
1d23,0,10,B,39,AT/TA,A.DA7&B.DT14&&A.DT8&B.DA13,"-0.034,-0.413,3.192","0.834,0.548,0.065,-0.548,0.836,-0.021,-0.066,-0.018,0.998"
1d23,0,10,B,40,AT/TA,B.DA13&A.DT8&&B.DT14&A.DA7,"0.047,-0.393,3.194","0.834,0.548,0.066,-0.548,0.836,-0.018,-0.065,-0.021,0.998"
1d23,0,10,B,41,TA/CG,A.DT8&B.DA13&&A.DC9&B.DG12,"-0.209,-0.097,3.524","0.717,0.695,0.047,-0.695,0.719,-0.010,-0.041,-0.026,0.999"
1d23,0,10,B,42,GC/AT,B.DG12&A.DC9&&B.DA13&A.DT8,"0.051,0.041,3.531","0.717,0.696,0.041,-0.695,0.719,-0.025,-0.047,-0.009,0.999"
1d3r,0,8,B,43,CG/CG,A.DC6&B.DG19&&A.DC7&B.DG18,"-0.164,0.025,3.223","0.875,0.475,-0.091,-0.473,0.880,0.044,0.101,0.004,0.995"
1d3r,0,8,B,44,GC/GC,B.DG18&A.DC7&&B.DG19&A.DC6,"0.426,0.242,3.190","0.875,0.473,-0.101,-0.476,0.880,0.004,0.092,0.044,0.995"
1d3r,0,8,B,45,CG/GC,A.DC7&B.DG18&&A.DG8&B.DC17,"0.085,1.224,3.479","0.806,0.576,-0.137,-0.577,0.816,0.038,0.133,0.048,0.990"
1d3r,0,8,B,46,CG/GC,B.DC17&A.DG8&&B.DG18&A.DC7,"-0.297,1.081,3.515","0.806,0.577,-0.133,-0.576,0.816,0.048,0.137,0.038,0.990"
1d3r,0,8,B,47,GC/CG,A.DG8&B.DC17&&A.DC9&B.DG16,"-0.602,-0.086,3.159","0.825,0.555,-0.104,-0.562,0.826,-0.048,0.059,0.098,0.993"
1d3r,0,8,B,48,GC/CG,B.DG16&A.DC9&&B.DC17&A.DG8,"0.872,0.115,3.095","0.825,0.562,-0.059,-0.555,0.826,0.098,0.104,-0.048,0.993"
1d3r,0,8,B,49,CG/GC,A.DC9&B.DG16&&A.DG10&B.DC15,"0.501,0.994,3.194","0.858,0.505,-0.092,-0.508,0.861,0.004,0.082,0.043,0.996"
1d3r,0,8,B,50,CG/GC,B.DC15&A.DG10&&B.DG16&A.DC9,"-0.638,0.616,3.264","0.857,0.508,-0.082,-0.505,0.862,0.043,0.092,0.005,0.996"
1d3r,1,8,B,51,CG/CG,C.DC36&D.DG49&&C.DC37&D.DG48,"-0.109,-0.279,3.565","0.846,0.507,-0.162,-0.516,0.856,-0.016,0.131,0.097,0.987"
1d3r,1,8,B,52,GC/GC,D.DG48&C.DC37&&D.DG49&C.DC36,"0.812,-0.237,3.476","0.847,0.516,-0.131,-0.507,0.856,0.097,0.162,-0.015,0.987"
1d3r,1,8,B,53,CG/GC,C.DC37&D.DG48&&C.DG38&D.DC47,"0.604,0.863,3.173","0.848,0.510,-0.145,-0.511,0.859,0.038,0.143,0.042,0.989"
1d3r,1,8,B,54,CG/GC,D.DC47&C.DG38&&D.DG48&C.DC37,"-0.492,0.552,3.260","0.848,0.511,-0.144,-0.511,0.859,0.042,0.145,0.038,0.989"
1d3r,1,8,B,55,GC/CG,C.DG38&D.DC47&&C.DC39&D.DG46,"-1.779,0.953,3.334","0.780,0.624,-0.044,-0.626,0.777,-0.062,-0.004,0.076,0.997"
1d3r,1,8,B,56,GC/CG,D.DG46&C.DC39&&D.DC47&C.DG38,"0.940,1.649,3.404","0.780,0.626,0.005,-0.624,0.777,0.076,0.044,-0.061,0.997"
1d3r,1,8,B,57,CG/GC,C.DC39&D.DG46&&C.DG40&D.DC45,"0.627,1.180,3.227","0.878,0.473,-0.066,-0.474,0.880,0.006,0.062,0.026,0.998"
1d3r,1,8,B,58,CG/GC,D.DC45&C.DG40&&D.DG46&C.DC39,"-0.894,0.761,3.290","0.878,0.474,-0.061,-0.473,0.880,0.026,0.067,0.006,0.998"
1d49,0,10,B,59,GC/AT,A.DG2&B.DC19&&A.DA3&B.DT18,"0.483,-0.449,3.526","0.745,0.666,0.029,-0.666,0.744,0.055,0.015,-0.060,0.998"
1d49,0,10,B,60,TA/CG,B.DT18&A.DA3&&B.DC19&A.DG2,"-0.162,-0.464,3.553","0.746,0.666,-0.015,-0.666,0.743,-0.060,-0.029,0.055,0.998"
1d49,0,10,B,61,AT/TA,A.DA3&B.DT18&&A.DT4&B.DA17,"0.564,-0.477,3.229","0.829,0.559,-0.033,-0.559,0.827,-0.051,-0.000,0.061,0.998"
1d49,0,10,B,62,AT/TA,B.DA17&A.DT4&&B.DT18&A.DA3,"-0.094,-0.873,3.194","0.829,0.559,0.001,-0.559,0.827,0.060,0.033,-0.051,0.998"
1d49,0,10,B,63,TA/TA,A.DT4&B.DA17&&A.DT5&B.DA16,"0.135,-0.257,3.278","0.815,0.574,0.076,-0.577,0.817,0.015,-0.054,-0.056,0.997"
1d49,0,10,B,64,AT/AT,B.DA16&A.DT5&&B.DA17&A.DT4,"-0.213,-0.241,3.275","0.815,0.576,0.054,-0.574,0.817,-0.056,-0.077,0.014,0.997"
1d49,0,10,B,65,TA/AT,A.DT5&B.DA16&&A.DA6&B.DT15,"-0.055,0.759,3.109","0.819,0.562,-0.119,-0.557,0.827,0.075,0.140,0.005,0.990"
1d49,0,10,B,66,TA/AT,B.DT15&A.DA6&&B.DA16&A.DT5,"-0.013,0.891,3.074","0.819,0.557,-0.140,-0.562,0.827,0.005,0.119,0.075,0.990"
1d49,0,10,B,67,AT/AT,A.DA6&B.DT15&&A.DA7&B.DT14,"-1.056,0.284,3.439","0.784,0.619,0.044,-0.614,0.785,-0.087,-0.089,0.041,0.995"
1d49,0,10,B,68,TA/TA,B.DT14&A.DA7&&B.DT15&A.DA6,"0.500,0.572,3.528","0.784,0.614,0.089,-0.619,0.784,0.041,-0.044,-0.087,0.995"
1d49,0,10,B,69,AT/TA,A.DA7&B.DT14&&A.DT8&B.DA13,"0.371,-0.422,3.196","0.828,0.557,0.066,-0.560,0.828,0.021,-0.042,-0.055,0.998"
1d49,0,10,B,70,AT/TA,B.DA13&A.DT8&&B.DT14&A.DA7,"-0.282,-0.488,3.196","0.828,0.559,0.043,-0.557,0.828,-0.054,-0.066,0.022,0.998"
1d49,0,10,B,71,TA/CG,A.DT8&B.DA13&&A.DC9&B.DG12,"-0.159,0.040,3.427","0.743,0.670,0.012,-0.669,0.743,-0.009,-0.015,-0.001,1.000"
1d49,0,10,B,72,GC/AT,B.DG12&A.DC9&&B.DA13&A.DT8,"0.051,0.104,3.429","0.742,0.670,0.015,-0.669,0.743,-0.001,-0.012,-0.010,1.000"
1d56,0,10,B,73,GC/AT,A.DG2&B.DC19&&A.DA3&B.DT18,"0.163,-0.147,3.666","0.734,0.674,0.080,-0.677,0.736,0.010,-0.053,-0.062,0.997"
1d56,0,10,B,74,TA/CG,B.DT18&A.DA3&&B.DC19&A.DG2,"-0.316,-0.181,3.655","0.734,0.677,0.052,-0.674,0.736,-0.062,-0.081,0.010,0.997"
1d56,0,10,B,75,AT/TA,A.DA3&B.DT18&&A.DT4&B.DA17,"0.890,-0.327,3.011","0.865,0.500,-0.052,-0.501,0.865,0.001,0.045,0.026,0.999"
1d56,0,10,B,76,AT/TA,B.DA17&A.DT4&&B.DT18&A.DA3,"-0.450,-0.728,3.038","0.864,0.501,-0.045,-0.500,0.866,0.026,0.052,0.001,0.999"
1d56,0,10,B,77,TA/AT,A.DT4&B.DA17&&A.DA5&B.DT16,"-0.054,0.118,3.647","0.739,0.674,-0.016,-0.673,0.739,-0.028,-0.007,0.032,0.999"
1d56,0,10,B,78,TA/AT,B.DT16&A.DA5&&B.DA17&A.DT4,"0.020,0.020,3.649","0.739,0.674,0.007,-0.673,0.739,0.032,0.016,-0.028,0.999"
1d56,0,10,B,79,AT/TA,A.DA5&B.DT16&&A.DT6&B.DA15,"-0.075,-0.285,3.259","0.917,0.384,-0.102,-0.378,0.923,0.075,0.123,-0.031,0.992"
1d56,0,10,B,80,AT/TA,B.DA15&A.DT6&&B.DT16&A.DA5,"0.511,0.010,3.232","0.918,0.378,-0.123,-0.384,0.923,-0.030,0.102,0.075,0.992"
1d56,0,10,B,81,TA/AT,A.DT6&B.DA15&&A.DA7&B.DT14,"-1.222,0.875,3.351","0.693,0.720,0.039,-0.716,0.693,-0.086,-0.089,0.032,0.996"
1d56,0,10,B,82,TA/AT,B.DT14&A.DA7&&B.DA15&A.DT6,"0.085,1.192,3.473","0.693,0.715,0.090,-0.720,0.693,0.032,-0.039,-0.086,0.996"
1d56,0,10,B,83,AT/TA,A.DA7&B.DT14&&A.DT8&B.DA13,"0.479,-0.328,3.226","0.850,0.521,0.072,-0.525,0.850,0.040,-0.041,-0.072,0.997"
1d56,0,10,B,84,AT/TA,B.DA13&A.DT8&&B.DT14&A.DA7,"-0.470,-0.402,3.219","0.850,0.525,0.041,-0.521,0.850,-0.072,-0.072,0.040,0.997"
1d56,0,10,B,85,TA/CG,A.DT8&B.DA13&&A.DC9&B.DG12,"-0.033,-0.041,3.556","0.756,0.654,-0.035,-0.655,0.755,-0.033,0.005,0.048,0.999"
1d56,0,10,B,86,GC/AT,B.DG12&A.DC9&&B.DA13&A.DT8,"0.178,-0.126,3.550","0.756,0.655,-0.005,-0.654,0.755,0.048,0.036,-0.033,0.999"
1d61,0,10,B,87,CG/AT,A.DC2&A.DG9&&A.DA3&A.DT8,"-1.209,2.587,3.196","0.632,0.762,0.144,-0.757,0.646,-0.100,-0.168,-0.046,0.985"
1d61,0,10,B,88,TA/GC,A.DT8&A.DA3&&A.DG9&A.DC2,"-1.666,2.269,3.232","0.632,0.757,0.168,-0.761,0.647,-0.046,-0.144,-0.100,0.985"
1d61,0,10,B,89,AT/AT,A.DA3&A.DT8&&A.DA4&A.DT7,"0.642,0.315,3.361","0.868,0.463,-0.181,-0.467,0.884,0.021,0.170,0.066,0.983"
1d61,0,10,B,90,TA/TA,A.DT7&A.DA4&&A.DT8&A.DA3,"-0.094,0.050,3.434","0.868,0.467,-0.170,-0.463,0.884,0.066,0.181,0.021,0.983"
1d61,0,10,B,91,TA/TA,A.DT7&A.DA4&&A.DT8&A.DA3,"-0.093,0.049,3.434","0.868,0.467,-0.170,-0.463,0.884,0.066,0.181,0.021,0.983"
1d61,0,10,B,92,AT/AT,A.DA3&A.DT8&&A.DA4&A.DT7,"0.642,0.315,3.360","0.868,0.463,-0.181,-0.466,0.884,0.021,0.170,0.066,0.983"
1d61,0,10,B,93,TA/GC,A.DT8&A.DA3&&A.DG9&A.DC2,"-1.665,2.268,3.232","0.632,0.756,0.169,-0.762,0.646,-0.046,-0.145,-0.099,0.985"
1d61,0,10,B,94,CG/AT,A.DC2&A.DG9&&A.DA3&A.DT8,"-1.210,2.584,3.197","0.632,0.762,0.144,-0.756,0.647,-0.099,-0.169,-0.047,0.985"
1d8g,0,10,B,95,CG/AT,A.DC2&A.DG9&&A.DA3&A.DT8,"-1.233,2.632,3.266","0.629,0.769,0.115,-0.766,0.638,-0.081,-0.136,-0.038,0.990"
1d8g,0,10,B,96,TA/GC,A.DT8&A.DA3&&A.DG9&A.DC2,"-1.625,2.359,3.302","0.629,0.766,0.136,-0.769,0.638,-0.038,-0.115,-0.081,0.990"
1d8g,0,10,B,97,AT/GC,A.DA3&A.DT8&&A.DG4&A.DC7,"0.660,1.043,3.008","0.919,0.350,-0.181,-0.362,0.931,-0.036,0.157,0.098,0.983"
1d8g,0,10,B,98,CG/TA,A.DC7&A.DG4&&A.DT8&A.DA3,"-0.427,0.627,3.161","0.919,0.362,-0.156,-0.350,0.932,0.098,0.181,-0.035,0.983"
1d8g,0,10,B,99,GC/TA,A.DG4&A.DC7&&A.DT5&A.DA6,"-0.781,-0.020,3.289","0.811,0.585,0.025,-0.585,0.810,0.033,-0.000,-0.041,0.999"
1d8g,0,10,B,100,AT/CG,A.DA6&A.DT5&&A.DC7&A.DG4,"0.564,0.548,3.287","0.811,0.585,0.001,-0.584,0.810,-0.041,-0.024,0.032,0.999"
1d8g,0,10,B,101,TA/AT,A.DT5&A.DA6&&A.DA6&A.DT5,"0.138,-0.054,3.661","0.662,0.748,-0.051,-0.748,0.663,0.023,0.052,0.023,0.998"
1d8g,0,10,B,102,TA/AT,A.DT5&A.DA6&&A.DA6&A.DT5,"0.137,-0.053,3.661","0.662,0.748,-0.052,-0.748,0.663,0.023,0.051,0.023,0.998"
1d8g,0,10,B,103,AT/CG,A.DA6&A.DT5&&A.DC7&A.DG4,"0.563,0.549,3.287","0.811,0.585,-0.000,-0.585,0.810,-0.041,-0.025,0.032,0.999"
1d8g,0,10,B,104,GC/TA,A.DG4&A.DC7&&A.DT5&A.DA6,"-0.780,-0.018,3.289","0.811,0.584,0.024,-0.585,0.810,0.032,-0.001,-0.041,0.999"
1d8g,0,10,B,105,CG/TA,A.DC7&A.DG4&&A.DT8&A.DA3,"-0.427,0.627,3.160","0.919,0.362,-0.156,-0.350,0.931,0.098,0.181,-0.035,0.983"
1d8g,0,10,B,106,AT/GC,A.DA3&A.DT8&&A.DG4&A.DC7,"0.659,1.044,3.006","0.919,0.351,-0.181,-0.362,0.932,-0.035,0.157,0.098,0.983"
1d8g,0,10,B,107,TA/GC,A.DT8&A.DA3&&A.DG9&A.DC2,"-1.626,2.361,3.300","0.629,0.766,0.135,-0.769,0.638,-0.038,-0.115,-0.081,0.990"
1d8g,0,10,B,108,CG/AT,A.DC2&A.DG9&&A.DA3&A.DT8,"-1.233,2.632,3.265","0.629,0.769,0.115,-0.766,0.638,-0.080,-0.135,-0.038,0.990"
1dpn,0,12,B,109,GC/CG,A.DG2&B.DC23&&A.DC3&B.DG22,"0.466,0.771,3.410","0.746,0.665,0.040,-0.665,0.747,-0.007,-0.035,-0.021,0.999"
1dpn,0,12,B,110,GC/CG,B.DG22&A.DC3&&B.DC23&A.DG2,"-0.996,0.242,3.375","0.746,0.665,0.034,-0.664,0.747,-0.021,-0.040,-0.007,0.999"
1dpn,0,12,B,111,CG/GC,A.DC3&B.DG22&&A.DG4&B.DC21,"-0.235,0.568,3.132","0.885,0.432,-0.170,-0.424,0.902,0.083,0.189,-0.002,0.982"
1dpn,0,12,B,112,CG/GC,B.DC21&A.DG4&&B.DG22&A.DC3,"0.494,0.872,3.030","0.886,0.424,-0.189,-0.433,0.902,-0.001,0.170,0.083,0.982"
1dpn,0,12,B,113,GC/AT,A.DG4&B.DC21&&A.DA5&B.DT20,"0.126,-0.032,3.412","0.757,0.651,-0.059,-0.651,0.759,0.027,0.062,0.018,0.998"
1dpn,0,12,B,114,TA/CG,B.DT20&A.DA5&&B.DC21&A.DG4,"0.127,-0.014,3.412","0.757,0.651,-0.062,-0.651,0.759,0.018,0.060,0.027,0.998"
1dpn,0,12,B,115,TA/CG,A.DT8&B.DA17&&A.DC9&B.DG16,"-0.126,-0.188,3.518","0.725,0.689,0.011,-0.688,0.725,-0.024,-0.025,0.010,1.000"
1dpn,0,12,B,116,GC/AT,B.DG16&A.DC9&&B.DA17&A.DT8,"0.180,-0.135,3.519","0.725,0.689,0.025,-0.689,0.725,0.010,-0.011,-0.024,1.000"
1dpn,0,12,B,117,CG/GC,A.DC9&B.DG16&&A.DG10&B.DC15,"0.478,0.945,2.962","0.887,0.461,-0.030,-0.462,0.885,-0.062,-0.002,0.069,0.998"
1dpn,0,12,B,118,CG/GC,B.DC15&A.DG10&&B.DG16&A.DC9,"-0.770,0.430,3.020","0.887,0.462,0.002,-0.462,0.884,0.069,0.030,-0.062,0.998"
1dpn,0,12,B,119,GC/CG,A.DG10&B.DC15&&A.DC11&B.DG14,"-1.661,-0.020,3.265","0.713,0.683,0.157,-0.680,0.729,-0.079,-0.169,-0.051,0.984"
1dpn,0,12,B,120,GC/CG,B.DG14&A.DC11&&B.DC15&A.DG10,"0.684,0.856,3.495","0.713,0.680,0.169,-0.683,0.729,-0.051,-0.158,-0.079,0.984"
1en3,0,10,B,121,CG/AT,A.DC2&A.DG9&&A.DA3&A.DT8,"-1.045,2.512,3.211","0.633,0.764,0.123,-0.766,0.641,-0.034,-0.105,-0.072,0.992"
1en3,0,10,B,122,TA/GC,A.DT8&A.DA3&&A.DG9&A.DC2,"-1.652,2.302,3.112","0.634,0.767,0.105,-0.764,0.641,-0.073,-0.123,-0.034,0.992"
1en3,0,10,B,123,AT/AT,A.DA3&A.DT8&&A.DA4&A.DT7,"0.533,0.576,3.182","0.863,0.486,-0.140,-0.490,0.872,-0.000,0.122,0.070,0.990"
1en3,0,10,B,124,TA/TA,A.DT7&A.DA4&&A.DT8&A.DA3,"-0.293,0.238,3.256","0.863,0.490,-0.123,-0.486,0.871,0.069,0.140,-0.001,0.990"
1en3,0,10,B,125,AT/CG,A.DA4&A.DT7&&A.DC5&A.DG6,"0.414,-0.342,3.125","0.866,0.499,0.028,-0.500,0.866,0.034,-0.007,-0.045,0.999"
1en3,0,10,B,126,GC/TA,A.DG6&A.DC5&&A.DT7&A.DA4,"-0.276,-0.394,3.134","0.866,0.500,0.007,-0.499,0.865,-0.044,-0.029,0.035,0.999"
1en3,0,10,B,127,CG/GC,A.DC5&A.DG6&&A.DG6&A.DC5,"0.314,-0.018,3.751","0.710,0.690,-0.140,-0.689,0.722,0.057,0.140,0.056,0.989"
1en3,0,10,B,128,CG/GC,A.DC5&A.DG6&&A.DG6&A.DC5,"0.315,-0.016,3.751","0.711,0.689,-0.140,-0.690,0.722,0.056,0.140,0.057,0.988"
1en3,0,10,B,129,GC/TA,A.DG6&A.DC5&&A.DT7&A.DA4,"-0.276,-0.395,3.136","0.866,0.500,0.007,-0.498,0.866,-0.044,-0.029,0.035,0.999"
1en3,0,10,B,130,AT/CG,A.DA4&A.DT7&&A.DC5&A.DG6,"0.414,-0.344,3.127","0.866,0.498,0.029,-0.499,0.866,0.035,-0.007,-0.044,0.999"
1en3,0,10,B,131,TA/TA,A.DT7&A.DA4&&A.DT8&A.DA3,"-0.291,0.239,3.255","0.863,0.490,-0.122,-0.485,0.871,0.070,0.141,-0.001,0.990"
1en3,0,10,B,132,AT/AT,A.DA3&A.DT8&&A.DA4&A.DT7,"0.532,0.577,3.181","0.863,0.485,-0.141,-0.491,0.871,-0.001,0.122,0.070,0.990"
1en3,0,10,B,133,TA/GC,A.DT8&A.DA3&&A.DG9&A.DC2,"-1.651,2.303,3.112","0.633,0.767,0.105,-0.764,0.641,-0.073,-0.123,-0.033,0.992"
1en3,0,10,B,134,CG/AT,A.DC2&A.DG9&&A.DA3&A.DT8,"-1.045,2.510,3.213","0.633,0.764,0.123,-0.767,0.641,-0.033,-0.105,-0.073,0.992"
1en9,0,10,B,135,CG/AT,A.DC2&A.DG9&&A.DA3&A.DT8,"-1.261,2.571,3.216","0.626,0.774,0.096,-0.774,0.631,-0.045,-0.095,-0.046,0.994"
1en9,0,10,B,136,TA/GC,A.DT8&A.DA3&&A.DG9&A.DC2,"-1.507,2.456,3.200","0.626,0.774,0.095,-0.774,0.632,-0.046,-0.095,-0.045,0.994"
1en9,0,10,B,137,AT/GC,A.DA3&A.DT8&&A.DG4&A.DC7,"0.587,0.930,3.157","0.922,0.352,-0.159,-0.359,0.933,-0.017,0.142,0.073,0.987"
1en9,0,10,B,138,CG/TA,A.DC7&A.DG4&&A.DT8&A.DA3,"-0.369,0.603,3.267","0.922,0.359,-0.142,-0.352,0.933,0.072,0.158,-0.017,0.987"
1en9,0,10,B,139,GC/CG,A.DG4&A.DC7&&A.DC5&A.DG6,"-0.953,0.365,3.308","0.784,0.618,0.064,-0.618,0.786,-0.019,-0.063,-0.024,0.998"
1en9,0,10,B,140,GC/CG,A.DG6&A.DC5&&A.DC7&A.DG4,"0.309,0.811,3.351","0.784,0.618,0.063,-0.618,0.786,-0.024,-0.064,-0.019,0.998"
1en9,0,10,B,141,CG/GC,A.DC5&A.DG6&&A.DG6&A.DC5,"0.301,-0.006,3.720","0.735,0.664,-0.140,-0.664,0.746,0.054,0.140,0.053,0.989"
1en9,0,10,B,142,CG/GC,A.DC5&A.DG6&&A.DG6&A.DC5,"0.303,-0.004,3.720","0.735,0.664,-0.140,-0.664,0.746,0.053,0.140,0.054,0.989"
1en9,0,10,B,143,GC/CG,A.DG6&A.DC5&&A.DC7&A.DG4,"0.310,0.812,3.352","0.784,0.618,0.062,-0.618,0.786,-0.025,-0.064,-0.019,0.998"
1en9,0,10,B,144,GC/CG,A.DG4&A.DC7&&A.DC5&A.DG6,"-0.953,0.363,3.309","0.784,0.618,0.064,-0.618,0.786,-0.019,-0.062,-0.025,0.998"
1en9,0,10,B,145,CG/TA,A.DC7&A.DG4&&A.DT8&A.DA3,"-0.370,0.603,3.267","0.922,0.359,-0.142,-0.352,0.933,0.073,0.158,-0.018,0.987"
1en9,0,10,B,146,AT/GC,A.DA3&A.DT8&&A.DG4&A.DC7,"0.587,0.931,3.157","0.922,0.352,-0.158,-0.359,0.933,-0.018,0.141,0.073,0.987"
1en9,0,10,B,147,TA/GC,A.DT8&A.DA3&&A.DG9&A.DC2,"-1.506,2.457,3.200","0.626,0.774,0.094,-0.774,0.632,-0.046,-0.095,-0.044,0.994"
1en9,0,10,B,148,CG/AT,A.DC2&A.DG9&&A.DA3&A.DT8,"-1.261,2.570,3.216","0.626,0.774,0.096,-0.774,0.632,-0.044,-0.094,-0.046,0.995"
1enn,0,8,B,149,GC/AT,A.DG3&B.DC17&&A.DA4&B.DT16,"-1.111,1.081,3.260","0.787,0.612,-0.075,-0.613,0.790,0.009,0.064,0.038,0.997"
1enn,0,8,B,150,TA/CG,B.DT16&A.DA4&&B.DC17&A.DG3,"0.456,1.565,3.221","0.787,0.613,-0.064,-0.612,0.790,0.039,0.075,0.009,0.997"
1enn,0,8,B,151,AT/AT,A.DA4&B.DT16&&A.DA5&B.DT15,"0.530,-0.213,3.359","0.779,0.626,-0.037,-0.626,0.780,-0.005,0.025,0.028,0.999"
1enn,0,8,B,152,TA/TA,B.DT15&A.DA5&&B.DT16&A.DA4,"-0.156,-0.517,3.364","0.779,0.626,-0.025,-0.626,0.780,0.027,0.037,-0.005,0.999"
1enn,0,8,B,153,AT/TA,A.DA5&B.DT15&&A.DT6&B.DA14,"0.335,-0.574,3.313","0.858,0.514,-0.000,-0.514,0.858,0.007,0.004,-0.005,1.000"
1enn,0,8,B,154,AT/TA,B.DA14&A.DT6&&B.DT15&A.DA5,"0.009,-0.643,3.317","0.858,0.514,-0.003,-0.514,0.858,-0.005,0.000,0.007,1.000"
1enn,0,8,B,155,TA/TA,A.DT6&B.DA14&&A.DT7&B.DA13,"-0.262,-0.397,3.299","0.788,0.615,-0.026,-0.612,0.788,0.064,0.059,-0.034,0.998"
1enn,0,8,B,156,AT/AT,B.DA13&A.DT7&&B.DA14&A.DT6,"0.534,0.057,3.290","0.788,0.612,-0.059,-0.615,0.788,-0.034,0.025,0.064,0.998"
1enn,0,8,B,157,TA/CG,A.DT7&B.DA13&&A.DC8&B.DG12,"0.536,1.559,3.267","0.771,0.637,0.018,-0.637,0.771,0.009,-0.009,-0.019,1.000"
1enn,0,8,B,158,GC/AT,B.DG12&A.DC8&&B.DA13&A.DT7,"-1.466,0.889,3.232","0.771,0.637,0.009,-0.637,0.771,-0.018,-0.019,0.009,1.000"
1ikk,0,10,B,159,CG/TA,A.DC2&B.DG19&&A.DT3&B.DA18,"0.317,-0.499,3.505","0.799,0.601,-0.007,-0.601,0.799,0.026,0.021,-0.016,1.000"
1ikk,0,10,B,160,AT/GC,B.DA18&A.DT3&&B.DG19&A.DC2,"0.072,-0.499,3.518","0.799,0.601,-0.021,-0.601,0.799,-0.016,0.007,0.026,1.000"
1ikk,0,10,B,161,TA/TA,A.DT3&B.DA18&&A.DT4&B.DA17,"0.322,-0.110,3.150","0.774,0.629,-0.070,-0.634,0.769,-0.088,-0.001,0.113,0.994"
1ikk,0,10,B,162,AT/AT,B.DA17&A.DT4&&B.DA18&A.DT3,"0.042,-0.567,3.117","0.774,0.633,0.001,-0.629,0.769,0.113,0.070,-0.088,0.994"
1ikk,0,10,B,163,TA/TA,A.DT4&B.DA17&&A.DT5&B.DA16,"0.216,-0.153,3.320","0.809,0.587,0.041,-0.588,0.809,0.022,-0.021,-0.042,0.999"
1ikk,0,10,B,164,AT/AT,B.DA16&A.DT5&&B.DA17&A.DT4,"-0.222,-0.179,3.318","0.809,0.588,0.020,-0.586,0.809,-0.042,-0.042,0.021,0.999"
1ikk,0,10,B,165,TA/AT,A.DT5&B.DA16&&A.DA6&B.DT15,"-0.344,0.930,2.999","0.876,0.469,-0.109,-0.467,0.883,0.043,0.116,0.014,0.993"
1ikk,0,10,B,166,TA/AT,B.DT15&A.DA6&&B.DA16&A.DT5,"0.192,1.110,2.951","0.876,0.467,-0.116,-0.469,0.883,0.014,0.109,0.043,0.993"
1ikk,0,10,B,167,AT/AT,A.DA6&B.DT15&&A.DA7&B.DT14,"-1.061,0.704,3.245","0.729,0.681,0.070,-0.680,0.732,-0.044,-0.081,-0.015,0.997"
1ikk,0,10,B,168,TA/TA,B.DT14&A.DA7&&B.DT15&A.DA6,"0.067,1.094,3.309","0.729,0.679,0.081,-0.681,0.732,-0.016,-0.070,-0.044,0.997"
1ikk,0,10,B,169,AT/AT,A.DA7&B.DT14&&A.DA8&B.DT13,"0.366,0.045,3.295","0.790,0.613,0.025,-0.612,0.790,-0.015,-0.029,-0.004,1.000"
1ikk,0,10,B,170,TA/TA,B.DT13&A.DA8&&B.DT14&A.DA7,"-0.399,-0.237,3.283","0.790,0.613,0.029,-0.612,0.791,-0.004,-0.025,-0.015,1.000"
1ikk,0,10,B,171,AT/GC,A.DA8&B.DT13&&A.DG9&B.DC12,"0.669,-0.327,3.585","0.790,0.609,-0.063,-0.607,0.793,0.056,0.083,-0.006,0.996"
1ikk,0,10,B,172,CG/TA,B.DC12&A.DG9&&B.DT13&A.DA8,"-0.105,-0.466,3.630","0.791,0.607,-0.084,-0.609,0.793,-0.006,0.063,0.055,0.996"
1j8l,1,4,B,173,AT/TA,A.DA6&B.DT19&&A.DT7&B.DA18,"0.126,-0.710,3.328","0.849,0.529,0.006,-0.529,0.849,0.003,-0.004,-0.006,1.000"
1j8l,1,4,B,174,AT/TA,B.DA18&A.DT7&&B.DT19&A.DA6,"0.248,-0.660,3.331","0.849,0.529,0.004,-0.529,0.849,-0.005,-0.006,0.003,1.000"
1nvy,0,6,B,175,CG/GC,A.DC2&B.DG9&&A.DG3&B.DC8,"-0.992,2.584,3.321","0.786,0.618,0.011,-0.618,0.786,0.004,-0.006,-0.010,1.000"
1nvy,0,6,B,176,CG/GC,B.DC8&A.DG3&&B.DG9&A.DC2,"-0.854,2.659,3.301","0.786,0.618,0.006,-0.618,0.786,-0.010,-0.011,0.004,1.000"
1nvy,0,6,B,177,GC/GC,A.DG3&B.DC8&&A.DG4&B.DC7,"-0.671,2.345,3.391","0.748,0.657,-0.091,-0.662,0.747,-0.053,0.034,0.100,0.994"
1nvy,0,6,B,178,CG/CG,B.DC7&A.DG4&&B.DC8&A.DG3,"-0.731,2.019,3.583","0.748,0.663,-0.033,-0.657,0.747,0.100,0.091,-0.052,0.994"
1nvy,0,6,B,179,GC/TA,A.DG4&B.DC7&&A.DT5&B.DA6,"-0.642,-0.594,3.294","0.896,0.443,0.007,-0.444,0.896,0.020,0.003,-0.022,1.000"
1nvy,0,6,B,180,AT/CG,B.DA6&A.DT5&&B.DC7&A.DG4,"0.816,-0.182,3.305","0.896,0.443,-0.003,-0.444,0.896,-0.021,-0.007,0.020,1.000"
1nvy,3,6,B,181,CG/GC,A.DC2&B.DG9&&A.DG3&B.DC8,"-0.992,2.584,3.321","0.786,0.618,0.011,-0.618,0.786,0.004,-0.006,-0.010,1.000"
1nvy,3,6,B,182,CG/GC,B.DC8&A.DG3&&B.DG9&A.DC2,"-0.854,2.659,3.301","0.786,0.618,0.006,-0.618,0.786,-0.010,-0.011,0.004,1.000"
1nvy,3,6,B,183,GC/GC,A.DG3&B.DC8&&A.DG4&B.DC7,"-0.671,2.345,3.391","0.748,0.657,-0.091,-0.662,0.747,-0.053,0.034,0.100,0.994"
1nvy,3,6,B,184,CG/CG,B.DC7&A.DG4&&B.DC8&A.DG3,"-0.731,2.019,3.583","0.748,0.663,-0.033,-0.657,0.747,0.100,0.091,-0.052,0.994"
1nvy,3,6,B,185,GC/TA,A.DG4&B.DC7&&A.DT5&B.DA6,"-0.642,-0.594,3.294","0.896,0.443,0.007,-0.444,0.896,0.020,0.003,-0.022,1.000"
1nvy,3,6,B,186,AT/CG,B.DA6&A.DT5&&B.DC7&A.DG4,"0.816,-0.182,3.305","0.896,0.443,-0.003,-0.444,0.896,-0.021,-0.007,0.020,1.000"
1p54,0,6,B,187,GC/TA,A.DG4&B.DC17&&A.DT5&B.DA16,"1.043,0.106,3.133","0.862,0.490,-0.126,-0.482,0.872,0.088,0.154,-0.015,0.988"
1p54,0,6,B,188,AT/CG,B.DA16&A.DT5&&B.DC17&A.DG4,"-0.555,-0.134,3.255","0.862,0.482,-0.154,-0.490,0.872,-0.015,0.126,0.089,0.988"
1p54,3,6,B,189,GC/TA,A.DG4&B.DC17&&A.DT5&B.DA16,"1.043,0.106,3.133","0.862,0.490,-0.126,-0.482,0.872,0.088,0.154,-0.015,0.988"
1p54,3,6,B,190,AT/CG,B.DA16&A.DT5&&B.DC17&A.DG4,"-0.555,-0.134,3.255","0.862,0.482,-0.154,-0.490,0.872,-0.015,0.126,0.089,0.988"
1puy,0,6,B,191,TA/TA,A.DT2&A.DA13&&A.DT3&A.DA12,"-0.145,-0.637,3.316","0.794,0.601,0.091,-0.603,0.798,-0.005,-0.076,-0.050,0.996"
1puy,0,6,B,192,AT/AT,A.DA12&A.DT3&&A.DA13&A.DT2,"0.196,-0.439,3.346","0.794,0.603,0.076,-0.601,0.798,-0.051,-0.091,-0.005,0.996"
1puy,0,6,B,193,TA/TA,A.DT3&A.DA12&&A.DT4&A.DA11,"-0.072,-0.068,3.215","0.772,0.633,0.055,-0.635,0.773,0.005,-0.038,-0.039,0.999"
1puy,0,6,B,194,AT/AT,A.DA11&A.DT4&&A.DA12&A.DT3,"-0.077,0.011,3.216","0.772,0.635,0.038,-0.633,0.773,-0.039,-0.055,0.006,0.998"
1puy,0,6,B,195,TA/TA,A.DT4&A.DA11&&A.DT5&A.DA10,"-0.142,0.494,3.264","0.765,0.641,0.060,-0.642,0.767,-0.009,-0.052,-0.032,0.998"
1puy,0,6,B,196,AT/AT,A.DA10&A.DT5&&A.DA11&A.DT4,"-0.405,0.442,3.250","0.765,0.642,0.052,-0.641,0.767,-0.032,-0.060,-0.009,0.998"
1s23,0,8,B,197,CG/AT,A.DC3&A.DG8&&A.DA4&A.DT7,"-0.202,-0.114,3.310","0.834,0.544,-0.092,-0.540,0.839,0.067,0.113,-0.006,0.994"
1s23,0,8,B,198,TA/GC,A.DT7&A.DA4&&A.DG8&A.DC3,"0.536,0.233,3.266","0.834,0.540,-0.114,-0.544,0.839,-0.006,0.092,0.066,0.994"
1s23,0,8,B,199,AT/AT,A.DA4&A.DT7&&A.DA5&A.DT6,"0.192,-0.124,3.271","0.804,0.594,-0.014,-0.594,0.803,-0.050,-0.017,0.049,0.999"
1s23,0,8,B,200,TA/TA,A.DT6&A.DA5&&A.DT7&A.DA4,"-0.033,-0.376,3.257","0.804,0.594,0.018,-0.594,0.803,0.049,0.015,-0.049,0.999"
1s23,0,8,B,201,AT/TA,A.DA5&A.DT6&&A.DT6&A.DA5,"-0.001,-0.470,3.327","0.817,0.571,0.081,-0.572,0.820,-0.025,-0.081,-0.026,0.996"
1s23,0,8,B,202,AT/TA,A.DA5&A.DT6&&A.DT6&A.DA5,"-0.001,-0.469,3.327","0.817,0.572,0.081,-0.572,0.820,-0.026,-0.081,-0.026,0.996"
1s23,0,8,B,203,TA/TA,A.DT6&A.DA5&&A.DT7&A.DA4,"-0.034,-0.375,3.257","0.804,0.594,0.017,-0.594,0.803,0.049,0.014,-0.050,0.999"
1s23,0,8,B,204,AT/AT,A.DA4&A.DT7&&A.DA5&A.DT6,"0.192,-0.122,3.271","0.804,0.594,-0.015,-0.594,0.803,-0.050,-0.018,0.049,0.999"
1s23,0,8,B,205,TA/GC,A.DT7&A.DA4&&A.DG8&A.DC3,"0.537,0.234,3.266","0.834,0.540,-0.114,-0.544,0.839,-0.006,0.092,0.067,0.993"
1s23,0,8,B,206,CG/AT,A.DC3&A.DG8&&A.DA4&A.DT7,"-0.202,-0.116,3.310","0.834,0.545,-0.092,-0.540,0.839,0.067,0.114,-0.006,0.993"
1s2r,0,12,B,207,GC/CG,A.DG2&B.DC23&&A.DC3&B.DG22,"1.070,0.831,3.301","0.784,0.620,-0.034,-0.619,0.785,0.016,0.037,0.009,0.999"
1s2r,0,12,B,208,GC/CG,B.DG22&A.DC3&&B.DC23&A.DG2,"-1.240,0.042,3.346","0.784,0.620,-0.037,-0.620,0.785,0.009,0.035,0.016,0.999"
1s2r,0,12,B,209,CG/AT,A.DC3&B.DG22&&A.DA4&B.DT21,"-0.623,0.800,3.272","0.881,0.449,-0.147,-0.440,0.893,0.094,0.174,-0.018,0.985"
1s2r,0,12,B,210,TA/GC,B.DT21&A.DA4&&B.DG22&A.DC3,"0.670,1.297,3.098","0.881,0.439,-0.174,-0.450,0.893,-0.019,0.147,0.094,0.985"
1s2r,0,12,B,211,AT/AT,A.DA4&B.DT21&&A.DA5&B.DT20,"0.293,0.046,3.348","0.792,0.611,0.001,-0.611,0.792,0.005,0.002,-0.005,1.000"
1s2r,0,12,B,212,TA/TA,B.DT20&A.DA5&&B.DT21&A.DA4,"-0.263,-0.125,3.349","0.792,0.611,-0.003,-0.611,0.792,-0.005,-0.001,0.005,1.000"
1s2r,0,12,B,213,AT/AT,A.DA5&B.DT20&&A.DA6&B.DT19,"0.222,-0.287,3.312","0.790,0.614,0.005,-0.613,0.790,-0.019,-0.015,0.011,1.000"
1s2r,0,12,B,214,TA/TA,B.DT19&A.DA6&&B.DT20&A.DA5,"-0.016,-0.423,3.304","0.790,0.613,0.015,-0.614,0.790,0.011,-0.005,-0.018,1.000"
1s2r,0,12,B,215,AT/TA,A.DA6&B.DT19&&A.DT7&B.DA18,"0.267,-0.606,3.329","0.860,0.510,0.010,-0.511,0.860,0.011,-0.003,-0.015,1.000"
1s2r,0,12,B,216,AT/TA,B.DA18&A.DT7&&B.DT19&A.DA6,"0.047,-0.621,3.336","0.860,0.510,0.003,-0.510,0.860,-0.015,-0.009,0.011,1.000"
1s2r,0,12,B,217,TA/TA,A.DT7&B.DA18&&A.DT8&B.DA17,"-0.223,-0.391,3.308","0.790,0.613,0.032,-0.614,0.789,0.019,-0.014,-0.035,0.999"
1s2r,0,12,B,218,AT/AT,B.DA17&A.DT8&&B.DA18&A.DT7,"0.309,-0.109,3.322","0.789,0.614,0.014,-0.613,0.789,-0.035,-0.032,0.019,0.999"
1s2r,0,12,B,219,TA/TA,A.DT8&B.DA17&&A.DT9&B.DA16,"-0.113,-0.024,3.389","0.754,0.654,0.066,-0.656,0.755,0.007,-0.045,-0.048,0.998"
1s2r,0,12,B,220,AT/AT,B.DA16&A.DT9&&B.DA17&A.DT8,"-0.121,0.078,3.388","0.754,0.656,0.045,-0.654,0.755,-0.048,-0.065,0.007,0.998"
1s2r,0,12,B,221,TA/GC,A.DT9&B.DA16&&A.DG10&B.DC15,"0.405,1.124,2.967","0.875,0.482,-0.036,-0.483,0.873,-0.067,-0.001,0.077,0.997"
1s2r,0,12,B,222,CG/AT,B.DC15&A.DG10&&B.DA16&A.DT9,"-0.789,0.585,3.043","0.876,0.483,0.001,-0.482,0.873,0.077,0.036,-0.068,0.997"
1s2r,0,12,B,223,GC/CG,A.DG10&B.DC15&&A.DC11&B.DG14,"-1.745,-0.121,3.347","0.743,0.663,0.089,-0.661,0.749,-0.053,-0.101,-0.020,0.995"
1s2r,0,12,B,224,GC/CG,B.DG14&A.DC11&&B.DC15&A.DG10,"1.080,0.887,3.509","0.744,0.661,0.101,-0.663,0.748,-0.019,-0.089,-0.052,0.995"
1sgs,0,16,B,225,CG/TA,A.DC3&A.DG16&&A.DT4&A.DA15,"-0.441,-0.320,3.297","0.872,0.488,-0.039,-0.487,0.873,0.033,0.050,-0.011,0.999"
1sgs,0,16,B,226,AT/GC,A.DA15&A.DT4&&A.DG16&A.DC3,"0.668,0.046,3.274","0.872,0.488,-0.050,-0.488,0.873,-0.010,0.038,0.033,0.999"
1sgs,0,16,B,227,TA/GC,A.DT4&A.DA15&&A.DG5&A.DC14,"0.167,1.117,3.475","0.728,0.686,0.009,-0.685,0.727,0.034,0.017,-0.030,0.999"
1sgs,0,16,B,228,CG/AT,A.DC14&A.DG5&&A.DA15&A.DT4,"-0.917,0.815,3.441","0.728,0.686,-0.017,-0.686,0.727,-0.030,-0.008,0.033,0.999"
1sgs,0,16,B,229,GC/GC,A.DG5&A.DC14&&A.DG6&A.DC13,"1.014,0.292,3.102","0.926,0.363,-0.105,-0.365,0.931,-0.000,0.097,0.038,0.995"
1sgs,0,16,B,230,CG/CG,A.DC13&A.DG6&&A.DC14&A.DG5,"-0.720,-0.097,3.195","0.926,0.364,-0.098,-0.363,0.931,0.038,0.105,0.000,0.995"
1sgs,0,16,B,231,GC/AT,A.DG6&A.DC13&&A.DA7&A.DT12,"-1.182,0.075,3.337","0.764,0.645,-0.007,-0.645,0.764,-0.024,-0.010,0.023,1.000"
1sgs,0,16,B,232,TA/CG,A.DT12&A.DA7&&A.DC13&A.DG6,"0.879,0.740,3.349","0.764,0.645,0.010,-0.645,0.764,0.023,0.008,-0.024,1.000"
1sgs,0,16,B,233,AT/AT,A.DA7&A.DT12&&A.DA8&A.DT11,"0.423,0.009,3.197","0.839,0.545,0.002,-0.544,0.839,-0.004,-0.004,0.003,1.000"
1sgs,0,16,B,234,TA/TA,A.DT11&A.DA8&&A.DT12&A.DA7,"-0.366,-0.237,3.196","0.839,0.545,0.004,-0.544,0.839,0.003,-0.002,-0.005,1.000"
1sgs,0,16,B,235,AT/AT,A.DA8&A.DT11&&A.DA9&A.DT10,"-0.150,-0.109,3.277","0.774,0.634,0.004,-0.633,0.773,-0.046,-0.032,0.033,0.999"
1sgs,0,16,B,236,TA/TA,A.DT10&A.DA9&&A.DT11&A.DA8,"0.173,-0.139,3.275","0.774,0.633,0.032,-0.634,0.773,0.033,-0.004,-0.046,0.999"
1sgs,0,16,B,237,AT/TA,A.DA9&A.DT10&&A.DT10&A.DA9,"0.147,-0.605,3.252","0.838,0.545,0.018,-0.545,0.838,-0.006,-0.018,-0.005,1.000"
1sgs,0,16,B,238,AT/TA,A.DA9&A.DT10&&A.DT10&A.DA9,"0.149,-0.605,3.252","0.838,0.545,0.018,-0.545,0.838,-0.005,-0.018,-0.006,1.000"
1sgs,0,16,B,239,TA/TA,A.DT10&A.DA9&&A.DT11&A.DA8,"0.170,-0.140,3.276","0.774,0.632,0.032,-0.633,0.773,0.032,-0.004,-0.046,0.999"
1sgs,0,16,B,240,AT/AT,A.DA8&A.DT11&&A.DA9&A.DT10,"-0.149,-0.108,3.278","0.774,0.633,0.004,-0.632,0.773,-0.046,-0.032,0.033,0.999"
1sgs,0,16,B,241,TA/TA,A.DT11&A.DA8&&A.DT12&A.DA7,"-0.364,-0.236,3.195","0.839,0.545,0.004,-0.545,0.839,0.003,-0.002,-0.004,1.000"
1sgs,0,16,B,242,AT/AT,A.DA7&A.DT12&&A.DA8&A.DT11,"0.422,0.010,3.197","0.839,0.545,0.002,-0.545,0.839,-0.005,-0.004,0.002,1.000"
1sgs,0,16,B,243,TA/CG,A.DT12&A.DA7&&A.DC13&A.DG6,"0.877,0.739,3.348","0.764,0.645,0.010,-0.645,0.764,0.023,0.007,-0.024,1.000"
1sgs,0,16,B,244,GC/AT,A.DG6&A.DC13&&A.DA7&A.DT12,"-1.180,0.075,3.336","0.764,0.645,-0.007,-0.645,0.763,-0.024,-0.010,0.023,1.000"
1sgs,0,16,B,245,CG/CG,A.DC13&A.DG6&&A.DC14&A.DG5,"-0.719,-0.097,3.196","0.926,0.364,-0.097,-0.362,0.931,0.038,0.104,-0.000,0.995"
1sgs,0,16,B,246,GC/GC,A.DG5&A.DC14&&A.DG6&A.DC13,"1.011,0.293,3.104","0.926,0.362,-0.104,-0.364,0.931,-0.000,0.097,0.038,0.995"
1sgs,0,16,B,247,CG/AT,A.DC14&A.DG5&&A.DA15&A.DT4,"-0.915,0.815,3.441","0.728,0.686,-0.018,-0.686,0.727,-0.031,-0.008,0.034,0.999"
1sgs,0,16,B,248,TA/GC,A.DT4&A.DA15&&A.DG5&A.DC14,"0.166,1.115,3.474","0.727,0.686,0.008,-0.685,0.727,0.034,0.017,-0.031,0.999"
1sgs,0,16,B,249,AT/GC,A.DA15&A.DT4&&A.DG16&A.DC3,"0.668,0.043,3.274","0.872,0.488,-0.049,-0.488,0.873,-0.009,0.038,0.033,0.999"
1sgs,0,16,B,250,CG/TA,A.DC3&A.DG16&&A.DT4&A.DA15,"-0.442,-0.321,3.297","0.872,0.488,-0.038,-0.488,0.872,0.032,0.049,-0.010,0.999"
1sk5,0,10,B,251,TA/TA,A.DT2&B.DA19&&A.DT3&B.DA18,"-0.446,-0.245,3.228","0.785,0.614,0.086,-0.613,0.789,-0.034,-0.089,-0.026,0.996"
1sk5,0,10,B,252,AT/AT,B.DA18&A.DT3&&B.DA19&A.DT2,"0.223,-0.029,3.260","0.785,0.613,0.089,-0.614,0.789,-0.026,-0.086,-0.034,0.996"
1sk5,0,10,B,253,TA/TA,A.DT3&B.DA18&&A.DT4&B.DA17,"-0.166,-0.010,3.329","0.772,0.635,-0.025,-0.635,0.772,-0.008,0.014,0.022,1.000"
1sk5,0,10,B,254,AT/AT,B.DA17&A.DT4&&B.DA18&A.DT3,"0.217,0.070,3.325","0.772,0.635,-0.014,-0.635,0.772,0.022,0.025,-0.008,1.000"
1sk5,0,10,B,255,TA/TA,A.DT4&B.DA17&&A.DT5&B.DA16,"-0.230,0.669,3.309","0.736,0.674,0.060,-0.675,0.738,-0.008,-0.050,-0.035,0.998"
1sk5,0,10,B,256,AT/AT,B.DA16&A.DT5&&B.DA17&A.DT4,"-0.482,0.623,3.291","0.736,0.675,0.050,-0.674,0.738,-0.035,-0.061,-0.007,0.998"
1sk5,0,10,B,257,TA/AT,A.DT5&B.DA16&&A.DA6&B.DT15,"-0.105,1.179,3.064","0.874,0.471,-0.114,-0.472,0.881,0.022,0.111,0.034,0.993"
1sk5,0,10,B,258,TA/AT,B.DT15&A.DA6&&B.DA16&A.DT5,"-0.114,1.158,3.072","0.875,0.472,-0.111,-0.472,0.881,0.034,0.114,0.023,0.993"
1sk5,0,10,B,259,AT/AT,A.DA6&B.DT15&&A.DA7&B.DT14,"-0.059,-0.093,3.246","0.819,0.573,-0.009,-0.573,0.818,-0.040,-0.016,0.038,0.999"
1sk5,0,10,B,260,TA/TA,B.DT14&A.DA7&&B.DT15&A.DA6,"0.131,-0.173,3.241","0.819,0.573,0.016,-0.573,0.818,0.038,0.009,-0.041,0.999"
1sk5,0,10,B,261,AT/AT,A.DA7&B.DT14&&A.DA8&B.DT13,"0.107,-0.223,3.062","0.795,0.607,0.002,-0.606,0.793,0.067,0.038,-0.054,0.998"
1sk5,0,10,B,262,TA/TA,B.DT13&A.DA8&&B.DT14&A.DA7,"0.043,-0.037,3.071","0.795,0.606,-0.039,-0.607,0.793,-0.054,-0.003,0.066,0.998"
1sk5,0,10,B,263,AT/AT,A.DA8&B.DT13&&A.DA9&B.DT12,"-0.047,-0.236,3.253","0.755,0.646,0.113,-0.647,0.762,-0.034,-0.109,-0.048,0.993"
1sk5,0,10,B,264,TA/TA,B.DT12&A.DA9&&B.DT13&A.DA8,"-0.182,-0.261,3.246","0.755,0.647,0.109,-0.646,0.762,-0.047,-0.114,-0.034,0.993"
1zf0,0,10,B,265,CG/GC,A.DC2&B.DG19&&A.DG3&B.DC18,"-0.908,0.450,3.025","0.815,0.561,-0.146,-0.574,0.817,-0.065,0.082,0.137,0.987"
1zf0,0,10,B,266,CG/GC,B.DC18&A.DG3&&B.DG19&A.DC2,"0.927,0.691,2.973","0.815,0.573,-0.082,-0.561,0.816,0.136,0.146,-0.066,0.987"
1zf0,0,10,B,267,GC/TA,A.DG3&B.DC18&&A.DT4&B.DA17,"-0.753,-0.894,3.598","0.839,0.544,-0.009,-0.544,0.839,-0.010,0.001,0.013,1.000"
1zf0,0,10,B,268,AT/CG,B.DA17&A.DT4&&B.DC18&A.DG3,"1.148,-0.376,3.585","0.839,0.544,-0.002,-0.544,0.839,0.013,0.008,-0.010,1.000"
1zf0,0,10,B,269,TA/TA,A.DT4&B.DA17&&A.DT5&B.DA16,"0.964,0.631,3.079","0.808,0.589,-0.010,-0.588,0.809,0.025,0.022,-0.014,1.000"
1zf0,0,10,B,270,AT/AT,B.DA16&A.DT5&&B.DA17&A.DT4,"-1.121,0.019,3.090","0.808,0.588,-0.022,-0.588,0.809,-0.014,0.010,0.025,1.000"
1zf0,0,10,B,271,TA/AT,A.DT5&B.DA16&&A.DA6&B.DT15,"-0.965,1.148,3.410","0.762,0.645,0.061,-0.646,0.763,-0.012,-0.054,-0.030,0.998"
1zf0,0,10,B,272,TA/AT,B.DT15&A.DA6&&B.DA16&A.DT5,"-0.213,1.460,3.420","0.762,0.645,0.054,-0.645,0.763,-0.030,-0.061,-0.011,0.998"
1zf0,0,10,B,273,AT/AT,A.DA6&B.DT15&&A.DA7&B.DT14,"0.203,-0.171,2.939","0.856,0.516,-0.024,-0.517,0.855,-0.042,-0.001,0.047,0.999"
1zf0,0,10,B,274,TA/TA,B.DT14&A.DA7&&B.DT15&A.DA6,"-0.016,-0.373,2.927","0.856,0.517,0.001,-0.516,0.856,0.048,0.024,-0.041,0.999"
1zf0,0,10,B,275,AT/CG,A.DA7&B.DT14&&A.DC8&B.DG13,"-0.945,-0.292,3.355","0.802,0.590,-0.086,-0.596,0.798,-0.086,0.018,0.122,0.992"
1zf0,0,10,B,276,GC/TA,B.DG13&A.DC8&&B.DT14&A.DA7,"1.222,0.039,3.277","0.802,0.596,-0.018,-0.590,0.798,0.121,0.087,-0.087,0.992"
1zf0,0,10,B,277,CG/GC,A.DC8&B.DG13&&A.DG9&B.DC12,"0.402,0.816,3.644","0.792,0.609,-0.038,-0.605,0.791,0.090,0.085,-0.049,0.995"
1zf0,0,10,B,278,CG/GC,B.DC12&A.DG9&&B.DG13&A.DC8,"-0.678,0.732,3.621","0.792,0.605,-0.085,-0.609,0.791,-0.048,0.037,0.091,0.995"
1zf4,0,6,B,279,CG/GC,A.DC2&B.DG19&&A.DG3&B.DC18,"-0.932,2.488,3.492","0.816,0.577,0.034,-0.578,0.815,0.027,-0.013,-0.042,0.999"
1zf4,0,6,B,280,CG/GC,B.DC18&A.DG3&&B.DG19&A.DC2,"-0.797,2.663,3.394","0.816,0.579,0.013,-0.577,0.816,-0.042,-0.035,0.028,0.999"
1zf4,0,6,B,281,GC/AT,A.DG3&B.DC18&&A.DA4&B.DT17,"-0.722,1.587,3.068","0.744,0.650,-0.153,-0.662,0.748,-0.049,0.083,0.138,0.987"
1zf4,0,6,B,282,TA/CG,B.DT17&A.DA4&&B.DC18&A.DG3,"-0.025,1.515,3.187","0.745,0.662,-0.082,-0.650,0.747,0.138,0.153,-0.048,0.987"
1zf4,0,6,B,283,AT/TA,A.DA4&B.DT17&&A.DT5&B.DA16,"0.067,-0.525,3.479","0.877,0.472,-0.091,-0.473,0.881,0.023,0.090,0.024,0.996"
1zf4,0,6,B,284,AT/TA,B.DA16&A.DT5&&B.DT17&A.DA4,"0.506,-0.417,3.457","0.877,0.472,-0.091,-0.473,0.881,0.024,0.091,0.022,0.996"
1zf4,3,6,B,285,CG/GC,A.DC2&B.DG19&&A.DG3&B.DC18,"-0.932,2.488,3.492","0.816,0.577,0.034,-0.578,0.815,0.027,-0.013,-0.042,0.999"
1zf4,3,6,B,286,CG/GC,B.DC18&A.DG3&&B.DG19&A.DC2,"-0.797,2.663,3.394","0.816,0.579,0.013,-0.577,0.816,-0.042,-0.035,0.028,0.999"
1zf4,3,6,B,287,GC/AT,A.DG3&B.DC18&&A.DA4&B.DT17,"-0.722,1.587,3.068","0.744,0.650,-0.153,-0.662,0.748,-0.049,0.083,0.138,0.987"
1zf4,3,6,B,288,TA/CG,B.DT17&A.DA4&&B.DC18&A.DG3,"-0.025,1.515,3.187","0.745,0.662,-0.082,-0.650,0.747,0.138,0.153,-0.048,0.987"
1zf4,3,6,B,289,AT/TA,A.DA4&B.DT17&&A.DT5&B.DA16,"0.067,-0.525,3.479","0.877,0.472,-0.091,-0.473,0.881,0.023,0.090,0.024,0.996"
1zf4,3,6,B,290,AT/TA,B.DA16&A.DT5&&B.DT17&A.DA4,"0.506,-0.417,3.457","0.877,0.472,-0.091,-0.473,0.881,0.024,0.091,0.022,0.996"
1zf7,0,10,B,291,CG/GC,A.DC2&B.DG19&&A.DG3&B.DC18,"-0.687,1.113,3.211","0.861,0.496,-0.115,-0.502,0.865,-0.025,0.086,0.080,0.993"
1zf7,0,10,B,292,CG/GC,B.DC18&A.DG3&&B.DG19&A.DC2,"0.407,1.226,3.218","0.861,0.502,-0.086,-0.496,0.865,0.079,0.115,-0.025,0.993"
1zf7,0,10,B,293,GC/TA,A.DG3&B.DC18&&A.DT4&B.DA17,"-0.627,-0.624,3.330","0.845,0.534,-0.037,-0.533,0.846,0.013,0.039,0.008,0.999"
1zf7,0,10,B,294,AT/CG,B.DA17&A.DT4&&B.DC18&A.DG3,"0.987,-0.149,3.298","0.845,0.534,-0.039,-0.533,0.846,0.009,0.037,0.014,0.999"
1zf7,0,10,B,295,TA/CG,A.DT4&B.DA17&&A.DC5&B.DG16,"0.326,0.719,3.572","0.696,0.702,0.154,-0.711,0.703,0.005,-0.104,-0.113,0.988"
1zf7,0,10,B,296,GC/AT,B.DG16&A.DC5&&B.DA17&A.DT4,"-1.280,0.294,3.415","0.696,0.711,0.104,-0.702,0.703,-0.113,-0.153,0.006,0.988"
1zf7,0,10,B,297,CG/GC,A.DC5&B.DG16&&A.DG6&B.DC15,"-0.349,0.895,3.338","0.855,0.491,-0.166,-0.493,0.870,0.031,0.159,0.057,0.986"
1zf7,0,10,B,298,CG/GC,B.DC15&A.DG6&&B.DG16&A.DC5,"0.414,1.051,3.284","0.855,0.493,-0.159,-0.491,0.870,0.056,0.166,0.030,0.986"
1zf7,0,10,B,299,GC/AT,A.DG6&B.DC15&&A.DA7&B.DT14,"-0.078,-0.212,3.099","0.857,0.511,-0.073,-0.514,0.857,-0.035,0.046,0.068,0.997"
1zf7,0,10,B,300,TA/CG,B.DT14&A.DA7&&B.DC15&A.DG6,"0.403,-0.251,3.071","0.857,0.514,-0.045,-0.511,0.857,0.069,0.073,-0.035,0.997"
1zf7,0,10,B,301,AT/CG,A.DA7&B.DT14&&A.DC8&B.DG13,"-1.302,1.187,3.355","0.663,0.713,0.226,-0.722,0.690,-0.055,-0.195,-0.126,0.973"
1zf7,0,10,B,302,GC/TA,B.DG13&A.DC8&&B.DT14&A.DA7,"-0.740,1.573,3.368","0.664,0.722,0.195,-0.713,0.690,-0.126,-0.226,-0.056,0.973"
1zf7,0,10,B,303,CG/GC,A.DC8&B.DG13&&A.DG9&B.DC12,"0.676,0.837,3.177","0.891,0.407,-0.199,-0.411,0.911,0.020,0.190,0.064,0.980"
1zf7,0,10,B,304,CG/GC,B.DC12&A.DG9&&B.DG13&A.DC8,"-0.311,0.549,3.294","0.892,0.411,-0.190,-0.407,0.911,0.064,0.199,0.020,0.980"
1zfb,0,10,B,305,CG/GC,A.DC2&B.DG19&&A.DG3&B.DC18,"-0.746,0.742,3.301","0.830,0.537,-0.153,-0.542,0.840,0.012,0.135,0.073,0.988"
1zfb,0,10,B,306,CG/GC,B.DC18&A.DG3&&B.DG19&A.DC2,"0.725,1.069,3.215","0.830,0.542,-0.135,-0.537,0.840,0.073,0.153,0.012,0.988"
1zfb,0,10,B,307,GC/CG,A.DG3&B.DC18&&A.DC4&B.DG17,"-0.820,0.099,3.064","0.776,0.631,-0.000,-0.631,0.775,-0.031,-0.020,0.025,0.999"
1zfb,0,10,B,308,GC/CG,B.DG17&A.DC4&&B.DC18&A.DG3,"0.575,0.497,3.081","0.776,0.631,0.019,-0.631,0.775,0.025,0.000,-0.032,0.999"
1zfb,0,10,B,309,CG/CG,A.DC4&B.DG17&&A.DC5&B.DG16,"1.070,0.531,3.474","0.840,0.542,-0.015,-0.539,0.838,0.082,0.057,-0.060,0.997"
1zfb,0,10,B,310,GC/GC,B.DG16&A.DC5&&B.DG17&A.DC4,"-1.133,0.152,3.492","0.840,0.539,-0.057,-0.542,0.838,-0.060,0.015,0.082,0.997"
1zfb,0,10,B,311,CG/GC,A.DC5&B.DG16&&A.DG6&B.DC15,"0.174,1.157,3.264","0.832,0.534,-0.150,-0.526,0.846,0.089,0.175,0.005,0.985"
