pdbid,stem_idx,stem_len,sform,step_idx,step_name,step_id,step_form,origin,M_axis
158d,0,10,B,1,CG/AT,1:A.DC2&1:B.DG19&&1:A.DA3&1:B.DT18,.,"-0.991,2.376,3.229","0.658,0.749,0.079,-0.747,0.662,-0.065,-0.101,-0.016,0.995"
158d,0,10,B,2,TA/GC,1:B.DT18&1:A.DA3&&1:B.DG19&1:A.DC2,.,"-1.385,2.103,3.274","0.657,0.747,0.101,-0.750,0.662,-0.016,-0.079,-0.065,0.995"
158d,0,10,B,3,AT/AT,1:A.DA3&1:B.DT18&&1:A.DA4&1:B.DT17,B,"0.689,1.009,3.095","0.907,0.389,-0.160,-0.390,0.920,0.028,0.158,0.037,0.987"
158d,0,10,B,4,TA/TA,1:B.DT17&1:A.DA4&&1:B.DT18&1:A.DA3,B,"-0.523,0.748,3.200","0.907,0.390,-0.158,-0.389,0.921,0.037,0.160,0.028,0.987"
158d,0,10,B,5,AT/GC,1:A.DA4&1:B.DT17&&1:A.DG5&1:B.DC16,B,"0.023,-0.039,3.299","0.795,0.606,-0.007,-0.606,0.793,-0.063,-0.032,0.055,0.998"
158d,0,10,B,6,CG/TA,1:B.DC16&1:A.DG5&&1:B.DT17&1:A.DA4,B,"0.031,-0.253,3.290","0.795,0.606,0.032,-0.606,0.793,0.055,0.008,-0.063,0.998"
158d,0,10,B,7,GC/CG,1:A.DG5&1:B.DC16&&1:A.DC6&1:B.DG15,B,"0.549,-1.206,3.686","0.777,0.629,-0.025,-0.626,0.776,0.076,0.067,-0.043,0.997"
158d,0,10,B,8,GC/CG,1:B.DG15&1:A.DC6&&1:B.DC16&1:A.DG5,B,"0.423,-1.001,3.763","0.777,0.626,-0.067,-0.629,0.776,-0.043,0.025,0.076,0.997"
158d,0,10,B,9,CG/TA,1:A.DC6&1:B.DG15&&1:A.DT7&1:B.DA14,B,"0.222,-0.207,3.423","0.822,0.569,-0.016,-0.569,0.822,0.034,0.032,-0.018,0.999"
158d,0,10,B,10,AT/GC,1:B.DA14&1:A.DT7&&1:B.DG15&1:A.DC6,B,"-0.009,-0.181,3.432","0.822,0.569,-0.033,-0.570,0.822,-0.018,0.016,0.034,0.999"
158d,0,10,B,11,TA/TA,1:A.DT7&1:B.DA14&&1:A.DT8&1:B.DA13,B,"-0.208,0.551,3.275","0.871,0.453,-0.190,-0.455,0.890,0.037,0.185,0.054,0.981"
158d,0,10,B,12,AT/AT,1:B.DA13&1:A.DT8&&1:B.DA14&1:A.DT7,B,"0.553,0.705,3.204","0.871,0.455,-0.185,-0.453,0.890,0.055,0.190,0.037,0.981"
158d,0,10,B,13,TA/GC,1:A.DT8&1:B.DA13&&1:A.DG9&1:B.DC12,.,"-1.429,2.070,3.165","0.672,0.732,0.115,-0.737,0.676,-0.006,-0.081,-0.081,0.993"
158d,0,10,B,14,CG/AT,1:B.DC12&1:A.DG9&&1:B.DA13&1:A.DT8,.,"-0.917,2.435,3.094","0.672,0.736,0.081,-0.732,0.677,-0.081,-0.114,-0.005,0.993"
196d,0,10,B,15,TA/CG,1:A.DT2&1:B.DA19&&1:A.DC3&1:B.DG18,B,"-0.200,-0.308,3.557","0.766,0.637,-0.082,-0.639,0.769,0.001,0.064,0.051,0.997"
196d,0,10,B,16,GC/AT,1:B.DG18&1:A.DC3&&1:B.DA19&1:A.DT2,B,"0.642,-0.104,3.516","0.767,0.639,-0.064,-0.637,0.769,0.051,0.082,0.002,0.997"
196d,0,10,B,17,CG/TA,1:A.DC3&1:B.DG18&&1:A.DT4&1:B.DA17,B,"-0.115,0.138,3.163","0.883,0.467,-0.050,-0.464,0.884,0.056,0.070,-0.026,0.997"
196d,0,10,B,18,AT/GC,1:B.DA17&1:A.DT4&&1:B.DG18&1:A.DC3,B,"0.194,0.351,3.142","0.883,0.464,-0.070,-0.467,0.884,-0.026,0.050,0.056,0.997"
196d,0,10,B,19,TA/CG,1:A.DT4&1:B.DA17&&1:A.DC5&1:B.DG16,B,"0.480,1.734,3.398","0.763,0.646,-0.030,-0.645,0.764,0.013,0.032,0.010,0.999"
196d,0,10,B,20,GC/AT,1:B.DG16&1:A.DC5&&1:B.DA17&1:A.DT4,B,"-1.383,1.059,3.428","0.763,0.646,-0.032,-0.646,0.763,0.010,0.030,0.013,0.999"
196d,0,10,B,21,CG/GC,1:A.DC5&1:B.DG16&&1:A.DG6&1:B.DC15,B,"-1.400,0.649,3.447","0.832,0.554,-0.027,-0.555,0.830,-0.047,-0.004,0.054,0.999"
196d,0,10,B,22,CG/GC,1:B.DC15&1:A.DG6&&1:B.DG16&1:A.DC5,B,"0.898,1.154,3.483","0.832,0.555,0.003,-0.555,0.830,0.054,0.027,-0.047,0.999"
196d,0,10,B,23,GC/AT,1:A.DG6&1:B.DC15&&1:A.DA7&1:B.DT14,B,"0.142,0.499,3.255","0.740,0.671,-0.055,-0.670,0.742,0.039,0.067,0.008,0.998"
196d,0,10,B,24,TA/CG,1:B.DT14&1:A.DA7&&1:B.DC15&1:A.DG6,B,"-0.260,0.402,3.261","0.740,0.670,-0.067,-0.671,0.742,0.008,0.055,0.039,0.998"
196d,0,10,B,25,AT/GC,1:A.DA7&1:B.DT14&&1:A.DG8&1:B.DC13,B,"0.237,0.362,2.974","0.879,0.466,-0.106,-0.472,0.881,-0.041,0.074,0.086,0.994"
196d,0,10,B,26,CG/TA,1:B.DC13&1:A.DG8&&1:B.DT14&1:A.DA7,B,"-0.062,0.085,3.003","0.879,0.472,-0.075,-0.466,0.881,0.086,0.106,-0.041,0.994"
196d,0,10,B,27,GC/AT,1:A.DG8&1:B.DC13&&1:A.DA9&1:B.DT12,B,"-0.076,-0.434,3.478","0.788,0.614,0.038,-0.615,0.788,0.017,-0.020,-0.036,0.999"
196d,0,10,B,28,TA/CG,1:B.DT12&1:A.DA9&&1:B.DC13&1:A.DG8,B,"0.194,-0.238,3.492","0.788,0.615,0.020,-0.614,0.788,-0.036,-0.038,0.016,0.999"
1d23,0,10,B,29,GC/AT,1:A.DG2&1:B.DC19&&1:A.DA3&1:B.DT18,B,"0.300,-0.316,3.664","0.737,0.675,0.022,-0.676,0.737,0.001,-0.015,-0.016,1.000"
1d23,0,10,B,30,TA/CG,1:B.DT18&1:A.DA3&&1:B.DC19&1:A.DG2,B,"-0.088,-0.429,3.664","0.737,0.676,0.015,-0.675,0.737,-0.016,-0.022,0.002,1.000"
1d23,0,10,B,31,AT/TA,1:A.DA3&1:B.DT18&&1:A.DT4&1:B.DA17,B,"0.513,-0.443,3.143","0.838,0.546,-0.016,-0.545,0.837,-0.046,-0.011,0.046,0.999"
1d23,0,10,B,32,AT/TA,1:B.DA17&1:A.DT4&&1:B.DT18&1:A.DA3,B,"-0.139,-0.793,3.113","0.838,0.546,0.011,-0.545,0.837,0.046,0.016,-0.046,0.999"
1d23,0,10,B,33,TA/CG,1:A.DT4&1:B.DA17&&1:A.DC5&1:B.DG16,B,"-0.083,-0.224,3.337","0.761,0.643,0.088,-0.646,0.763,0.016,-0.056,-0.069,0.996"
1d23,0,10,B,34,GC/AT,1:B.DG16&1:A.DC5&&1:B.DA17&1:A.DT4,B,"-0.086,-0.063,3.344","0.761,0.646,0.057,-0.643,0.762,-0.069,-0.088,0.016,0.996"
1d23,0,10,B,35,CG/GC,1:A.DC5&1:B.DG16&&1:A.DG6&1:B.DC15,B,"-0.018,0.537,3.347","0.871,0.457,-0.182,-0.454,0.889,0.059,0.189,0.031,0.982"
1d23,0,10,B,36,CG/GC,1:B.DC15&1:A.DG6&&1:B.DG16&1:A.DC5,B,"0.378,0.683,3.298","0.871,0.454,-0.189,-0.457,0.889,0.031,0.182,0.059,0.982"
1d23,0,10,B,37,GC/AT,1:A.DG6&1:B.DC15&&1:A.DA7&1:B.DT14,B,"-0.713,0.432,3.306","0.767,0.642,0.007,-0.640,0.765,-0.071,-0.051,0.051,0.997"
1d23,0,10,B,38,TA/CG,1:B.DT14&1:A.DA7&&1:B.DC15&1:A.DG6,B,"0.248,0.551,3.356","0.766,0.640,0.051,-0.642,0.765,0.050,-0.006,-0.072,0.997"
1d23,0,10,B,39,AT/TA,1:A.DA7&1:B.DT14&&1:A.DT8&1:B.DA13,B,"-0.036,-0.411,3.192","0.834,0.548,0.065,-0.548,0.836,-0.021,-0.066,-0.018,0.998"
1d23,0,10,B,40,AT/TA,1:B.DA13&1:A.DT8&&1:B.DT14&1:A.DA7,B,"0.048,-0.392,3.194","0.834,0.548,0.066,-0.548,0.836,-0.018,-0.065,-0.021,0.998"
1d23,0,10,B,41,TA/CG,1:A.DT8&1:B.DA13&&1:A.DC9&1:B.DG12,B,"-0.210,-0.096,3.523","0.718,0.695,0.046,-0.696,0.718,-0.010,-0.041,-0.026,0.999"
1d23,0,10,B,42,GC/AT,1:B.DG12&1:A.DC9&&1:B.DA13&1:A.DT8,B,"0.052,0.042,3.530","0.718,0.695,0.041,-0.695,0.718,-0.026,-0.046,-0.010,0.999"
1d3r,0,8,B,43,CG/CG,1:A.DC6&1:B.DG19&&1:A.DC7&1:B.DG18,B,"-0.165,0.026,3.223","0.875,0.475,-0.091,-0.473,0.880,0.044,0.101,0.004,0.995"
1d3r,0,8,B,44,GC/GC,1:B.DG18&1:A.DC7&&1:B.DG19&1:A.DC6,B,"0.425,0.243,3.190","0.875,0.473,-0.101,-0.475,0.880,0.005,0.090,0.044,0.995"
1d3r,0,8,B,45,CG/GC,1:A.DC7&1:B.DG18&&1:A.DG8&1:B.DC17,B,"0.086,1.224,3.479","0.806,0.576,-0.138,-0.577,0.816,0.038,0.134,0.049,0.990"
1d3r,0,8,B,46,CG/GC,1:B.DC17&1:A.DG8&&1:B.DG18&1:A.DC7,B,"-0.295,1.082,3.515","0.806,0.577,-0.134,-0.576,0.816,0.049,0.138,0.038,0.990"
1d3r,0,8,B,47,GC/CG,1:A.DG8&1:B.DC17&&1:A.DC9&1:B.DG16,B,"-0.605,-0.085,3.159","0.825,0.556,-0.103,-0.562,0.826,-0.048,0.058,0.098,0.994"
1d3r,0,8,B,48,GC/CG,1:B.DG16&1:A.DC9&&1:B.DC17&1:A.DG8,B,"0.871,0.117,3.095","0.825,0.562,-0.058,-0.555,0.826,0.098,0.103,-0.048,0.994"
1d3r,0,8,B,49,CG/GC,1:A.DC9&1:B.DG16&&1:A.DG10&1:B.DC15,B,"0.502,0.993,3.195","0.858,0.506,-0.093,-0.508,0.862,0.005,0.083,0.044,0.996"
1d3r,0,8,B,50,CG/GC,1:B.DC15&1:A.DG10&&1:B.DG16&1:A.DC9,B,"-0.636,0.615,3.266","0.858,0.507,-0.083,-0.506,0.861,0.044,0.093,0.005,0.996"
1d3r,1,8,B,51,CG/CG,1:C.DC36&1:D.DG49&&1:C.DC37&1:D.DG48,B,"-0.109,-0.278,3.567","0.846,0.507,-0.163,-0.516,0.856,-0.016,0.131,0.097,0.987"
1d3r,1,8,B,52,GC/GC,1:D.DG48&1:C.DC37&&1:D.DG49&1:C.DC36,B,"0.813,-0.237,3.477","0.846,0.516,-0.131,-0.507,0.856,0.097,0.163,-0.015,0.987"
1d3r,1,8,B,53,CG/GC,1:C.DC37&1:D.DG48&&1:C.DG38&1:D.DC47,B,"0.602,0.864,3.172","0.848,0.510,-0.144,-0.510,0.859,0.038,0.143,0.043,0.989"
1d3r,1,8,B,54,CG/GC,1:D.DC47&1:C.DG38&&1:D.DG48&1:C.DC37,B,"-0.492,0.553,3.260","0.848,0.511,-0.143,-0.510,0.859,0.042,0.145,0.037,0.989"
1d3r,1,8,B,55,GC/CG,1:C.DG38&1:D.DC47&&1:C.DC39&1:D.DG46,B,"-1.779,0.953,3.335","0.780,0.625,-0.044,-0.626,0.777,-0.061,-0.005,0.075,0.997"
1d3r,1,8,B,56,GC/CG,1:D.DG46&1:C.DC39&&1:D.DC47&1:C.DG38,B,"0.937,1.650,3.405","0.780,0.626,0.004,-0.625,0.777,0.076,0.043,-0.061,0.997"
1d3r,1,8,B,57,CG/GC,1:C.DC39&1:D.DG46&&1:C.DG40&1:D.DC45,B,"0.629,1.180,3.227","0.879,0.473,-0.067,-0.474,0.880,0.006,0.062,0.026,0.998"
1d3r,1,8,B,58,CG/GC,1:D.DC45&1:C.DG40&&1:D.DG46&1:C.DC39,B,"-0.893,0.761,3.290","0.878,0.474,-0.062,-0.473,0.881,0.026,0.068,0.007,0.998"
1d49,0,10,B,59,GC/AT,1:A.DG2&1:B.DC19&&1:A.DA3&1:B.DT18,B,"0.483,-0.449,3.527","0.745,0.666,0.029,-0.666,0.744,0.055,0.015,-0.060,0.998"
1d49,0,10,B,60,TA/CG,1:B.DT18&1:A.DA3&&1:B.DC19&1:A.DG2,B,"-0.163,-0.463,3.555","0.745,0.667,-0.015,-0.666,0.744,-0.060,-0.029,0.054,0.998"
1d49,0,10,B,61,AT/TA,1:A.DA3&1:B.DT18&&1:A.DT4&1:B.DA17,B,"0.564,-0.476,3.228","0.829,0.559,-0.033,-0.560,0.827,-0.051,-0.001,0.061,0.998"
1d49,0,10,B,62,AT/TA,1:B.DA17&1:A.DT4&&1:B.DT18&1:A.DA3,B,"-0.094,-0.874,3.193","0.829,0.559,0.001,-0.559,0.827,0.061,0.033,-0.051,0.998"
1d49,0,10,B,63,TA/TA,1:A.DT4&1:B.DA17&&1:A.DT5&1:B.DA16,B,"0.136,-0.258,3.277","0.815,0.574,0.076,-0.576,0.817,0.015,-0.054,-0.057,0.997"
1d49,0,10,B,64,AT/AT,1:B.DA16&1:A.DT5&&1:B.DA17&1:A.DT4,B,"-0.214,-0.240,3.275","0.816,0.576,0.054,-0.574,0.817,-0.056,-0.077,0.015,0.997"
1d49,0,10,B,65,TA/AT,1:A.DT5&1:B.DA16&&1:A.DA6&1:B.DT15,B,"-0.055,0.760,3.109","0.819,0.562,-0.118,-0.557,0.827,0.074,0.140,0.005,0.990"
1d49,0,10,B,66,TA/AT,1:B.DT15&1:A.DA6&&1:B.DA16&1:A.DT5,B,"-0.015,0.891,3.075","0.819,0.557,-0.140,-0.562,0.827,0.005,0.118,0.075,0.990"
1d49,0,10,B,67,AT/AT,1:A.DA6&1:B.DT15&&1:A.DA7&1:B.DT14,B,"-1.054,0.284,3.439","0.784,0.619,0.044,-0.614,0.784,-0.087,-0.088,0.041,0.995"
1d49,0,10,B,68,TA/TA,1:B.DT14&1:A.DA7&&1:B.DT15&1:A.DA6,B,"0.499,0.572,3.528","0.784,0.614,0.088,-0.619,0.784,0.041,-0.044,-0.087,0.995"
1d49,0,10,B,69,AT/TA,1:A.DA7&1:B.DT14&&1:A.DT8&1:B.DA13,B,"0.373,-0.421,3.197","0.828,0.557,0.065,-0.559,0.829,0.021,-0.041,-0.054,0.998"
1d49,0,10,B,70,AT/TA,1:B.DA13&1:A.DT8&&1:B.DT14&1:A.DA7,B,"-0.282,-0.489,3.197","0.828,0.559,0.042,-0.557,0.829,-0.054,-0.065,0.021,0.998"
1d49,0,10,B,71,TA/CG,1:A.DT8&1:B.DA13&&1:A.DC9&1:B.DG12,B,"-0.160,0.040,3.425","0.743,0.669,0.012,-0.670,0.743,-0.009,-0.016,-0.000,1.000"
1d49,0,10,B,72,GC/AT,1:B.DG12&1:A.DC9&&1:B.DA13&1:A.DT8,B,"0.051,0.104,3.427","0.743,0.670,0.015,-0.669,0.743,-0.001,-0.012,-0.010,1.000"
1d56,0,10,B,73,GC/AT,1:A.DG2&1:B.DC19&&1:A.DA3&1:B.DT18,B,"0.164,-0.145,3.667","0.734,0.674,0.080,-0.677,0.736,0.010,-0.052,-0.061,0.997"
1d56,0,10,B,74,TA/CG,1:B.DT18&1:A.DA3&&1:B.DC19&1:A.DG2,B,"-0.316,-0.181,3.655","0.734,0.677,0.052,-0.674,0.736,-0.062,-0.080,0.010,0.997"
1d56,0,10,B,75,AT/TA,1:A.DA3&1:B.DT18&&1:A.DT4&1:B.DA17,.,"0.889,-0.326,3.010","0.864,0.500,-0.052,-0.501,0.865,-0.000,0.044,0.026,0.999"
1d56,0,10,B,76,AT/TA,1:B.DA17&1:A.DT4&&1:B.DT18&1:A.DA3,.,"-0.450,-0.729,3.038","0.864,0.501,-0.045,-0.500,0.865,0.026,0.051,-0.000,0.999"
1d56,0,10,B,77,TA/AT,1:A.DT4&1:B.DA17&&1:A.DA5&1:B.DT16,B,"-0.054,0.116,3.647","0.739,0.673,-0.016,-0.673,0.739,-0.028,-0.007,0.032,0.999"
1d56,0,10,B,78,TA/AT,1:B.DT16&1:A.DA5&&1:B.DA17&1:A.DT4,B,"0.021,0.020,3.649","0.739,0.673,0.007,-0.673,0.739,0.032,0.016,-0.028,0.999"
1d56,0,10,B,79,AT/TA,1:A.DA5&1:B.DT16&&1:A.DT6&1:B.DA15,B,"-0.076,-0.286,3.259","0.918,0.384,-0.102,-0.378,0.923,0.075,0.123,-0.031,0.992"
1d56,0,10,B,80,AT/TA,1:B.DA15&1:A.DT6&&1:B.DT16&1:A.DA5,B,"0.511,0.010,3.232","0.918,0.378,-0.123,-0.384,0.923,-0.030,0.102,0.076,0.992"
1d56,0,10,B,81,TA/AT,1:A.DT6&1:B.DA15&&1:A.DA7&1:B.DT14,B,"-1.222,0.875,3.351","0.693,0.720,0.038,-0.716,0.693,-0.086,-0.089,0.032,0.995"
1d56,0,10,B,82,TA/AT,1:B.DT14&1:A.DA7&&1:B.DA15&1:A.DT6,B,"0.086,1.192,3.473","0.693,0.716,0.089,-0.720,0.693,0.032,-0.039,-0.086,0.996"
1d56,0,10,B,83,AT/TA,1:A.DA7&1:B.DT14&&1:A.DT8&1:B.DA13,B,"0.479,-0.327,3.227","0.850,0.521,0.072,-0.525,0.850,0.039,-0.041,-0.072,0.997"
1d56,0,10,B,84,AT/TA,1:B.DA13&1:A.DT8&&1:B.DT14&1:A.DA7,B,"-0.470,-0.402,3.219","0.850,0.525,0.041,-0.522,0.850,-0.071,-0.072,0.040,0.997"
1d56,0,10,B,85,TA/CG,1:A.DT8&1:B.DA13&&1:A.DC9&1:B.DG12,B,"-0.035,-0.043,3.555","0.756,0.654,-0.035,-0.655,0.755,-0.032,0.005,0.047,0.999"
1d56,0,10,B,86,GC/AT,1:B.DG12&1:A.DC9&&1:B.DA13&1:A.DT8,B,"0.179,-0.125,3.549","0.756,0.655,-0.005,-0.654,0.755,0.047,0.035,-0.032,0.999"
1d61,0,10,B,87,CG/AT,1:A.DC2&2:A.DG9&&1:A.DA3&2:A.DT8,.,"-1.209,2.587,3.197","0.631,0.762,0.144,-0.757,0.646,-0.099,-0.169,-0.046,0.985"
1d61,0,10,B,88,TA/GC,2:A.DT8&1:A.DA3&&2:A.DG9&1:A.DC2,.,"-1.667,2.268,3.232","0.632,0.757,0.169,-0.762,0.646,-0.046,-0.144,-0.099,0.985"
1d61,0,10,B,89,AT/AT,1:A.DA3&2:A.DT8&&1:A.DA4&2:A.DT7,B,"0.640,0.315,3.361","0.868,0.462,-0.181,-0.466,0.885,0.021,0.170,0.066,0.983"
1d61,0,10,B,90,TA/TA,2:A.DT7&1:A.DA4&&2:A.DT8&1:A.DA3,B,"-0.093,0.050,3.434","0.868,0.466,-0.170,-0.462,0.884,0.066,0.181,0.021,0.983"
1d61,0,10,B,91,TA/TA,1:A.DT7&2:A.DA4&&1:A.DT8&2:A.DA3,B,"-0.093,0.050,3.434","0.868,0.466,-0.170,-0.462,0.884,0.066,0.181,0.021,0.983"
1d61,0,10,B,92,AT/AT,2:A.DA3&1:A.DT8&&2:A.DA4&1:A.DT7,B,"0.640,0.315,3.361","0.868,0.462,-0.181,-0.466,0.885,0.021,0.170,0.066,0.983"
1d61,0,10,B,93,TA/GC,1:A.DT8&2:A.DA3&&1:A.DG9&2:A.DC2,.,"-1.667,2.268,3.232","0.632,0.757,0.169,-0.762,0.646,-0.046,-0.144,-0.099,0.985"
1d61,0,10,B,94,CG/AT,2:A.DC2&1:A.DG9&&2:A.DA3&1:A.DT8,.,"-1.209,2.587,3.197","0.631,0.762,0.144,-0.757,0.646,-0.099,-0.169,-0.046,0.985"
1d8g,0,10,B,95,CG/AT,1:A.DC2&2:A.DG9&&1:A.DA3&2:A.DT8,.,"-1.233,2.633,3.265","0.629,0.769,0.115,-0.766,0.638,-0.080,-0.135,-0.038,0.990"
1d8g,0,10,B,96,TA/GC,2:A.DT8&1:A.DA3&&2:A.DG9&1:A.DC2,.,"-1.625,2.362,3.301","0.629,0.765,0.135,-0.769,0.638,-0.037,-0.115,-0.080,0.990"
1d8g,0,10,B,97,AT/GC,1:A.DA3&2:A.DT8&&1:A.DG4&2:A.DC7,B,"0.658,1.044,3.008","0.919,0.350,-0.181,-0.362,0.931,-0.035,0.156,0.098,0.983"
1d8g,0,10,B,98,CG/TA,2:A.DC7&1:A.DG4&&2:A.DT8&1:A.DA3,B,"-0.427,0.628,3.161","0.919,0.362,-0.156,-0.351,0.931,0.098,0.181,-0.035,0.983"
1d8g,0,10,B,99,GC/TA,1:A.DG4&2:A.DC7&&1:A.DT5&2:A.DA6,B,"-0.779,-0.019,3.288","0.811,0.584,0.025,-0.585,0.810,0.032,-0.000,-0.040,0.999"
1d8g,0,10,B,100,AT/CG,2:A.DA6&1:A.DT5&&2:A.DC7&1:A.DG4,B,"0.563,0.547,3.286","0.811,0.585,0.001,-0.584,0.810,-0.041,-0.024,0.033,0.999"
1d8g,0,10,B,101,TA/AT,1:A.DT5&2:A.DA6&&1:A.DA6&2:A.DT5,B,"0.138,-0.053,3.662","0.662,0.748,-0.052,-0.748,0.664,0.023,0.051,0.023,0.998"
1d8g,0,10,B,102,TA/AT,2:A.DT5&1:A.DA6&&2:A.DA6&1:A.DT5,B,"0.138,-0.053,3.662","0.662,0.748,-0.052,-0.748,0.664,0.023,0.051,0.023,0.998"
1d8g,0,10,B,103,AT/CG,1:A.DA6&2:A.DT5&&1:A.DC7&2:A.DG4,B,"0.563,0.547,3.286","0.811,0.585,0.001,-0.584,0.810,-0.041,-0.024,0.033,0.999"
1d8g,0,10,B,104,GC/TA,2:A.DG4&1:A.DC7&&2:A.DT5&1:A.DA6,B,"-0.779,-0.019,3.288","0.811,0.584,0.025,-0.585,0.810,0.032,-0.000,-0.040,0.999"
1d8g,0,10,B,105,CG/TA,1:A.DC7&2:A.DG4&&1:A.DT8&2:A.DA3,B,"-0.427,0.628,3.161","0.919,0.362,-0.156,-0.351,0.931,0.098,0.181,-0.035,0.983"
1d8g,0,10,B,106,AT/GC,2:A.DA3&1:A.DT8&&2:A.DG4&1:A.DC7,B,"0.658,1.044,3.008","0.919,0.350,-0.181,-0.362,0.931,-0.035,0.156,0.098,0.983"
1d8g,0,10,B,107,TA/GC,1:A.DT8&2:A.DA3&&1:A.DG9&2:A.DC2,.,"-1.625,2.362,3.301","0.629,0.765,0.135,-0.769,0.638,-0.037,-0.115,-0.080,0.990"
1d8g,0,10,B,108,CG/AT,2:A.DC2&1:A.DG9&&2:A.DA3&1:A.DT8,.,"-1.233,2.633,3.265","0.629,0.769,0.115,-0.766,0.638,-0.080,-0.135,-0.038,0.990"
1dpn,0,12,B,109,GC/CG,1:A.DG2&1:B.DC23&&1:A.DC3&1:B.DG22,B,"0.466,0.771,3.410","0.746,0.664,0.040,-0.665,0.747,-0.007,-0.035,-0.021,0.999"
1dpn,0,12,B,110,GC/CG,1:B.DG22&1:A.DC3&&1:B.DC23&1:A.DG2,B,"-0.996,0.242,3.374","0.746,0.665,0.035,-0.665,0.747,-0.021,-0.040,-0.007,0.999"
1dpn,0,12,B,111,CG/GC,1:A.DC3&1:B.DG22&&1:A.DG4&1:B.DC21,B,"-0.235,0.567,3.132","0.885,0.433,-0.170,-0.424,0.902,0.083,0.189,-0.001,0.982"
1dpn,0,12,B,112,CG/GC,1:B.DC21&1:A.DG4&&1:B.DG22&1:A.DC3,B,"0.495,0.871,3.031","0.886,0.424,-0.189,-0.432,0.902,-0.001,0.169,0.083,0.982"
1dpn,0,12,B,113,GC/AT,1:A.DG4&1:B.DC21&&1:A.DA5&1:B.DT20,B,"0.126,-0.033,3.412","0.757,0.651,-0.059,-0.651,0.759,0.027,0.063,0.018,0.998"
1dpn,0,12,B,114,TA/CG,1:B.DT20&1:A.DA5&&1:B.DC21&1:A.DG4,B,"0.127,-0.014,3.412","0.757,0.651,-0.062,-0.652,0.758,0.018,0.059,0.027,0.998"
1dpn,0,12,B,115,TA/CG,1:A.DT8&1:B.DA17&&1:A.DC9&1:B.DG16,B,"-0.124,-0.189,3.519","0.724,0.689,0.011,-0.689,0.725,-0.024,-0.024,0.009,1.000"
1dpn,0,12,B,116,GC/AT,1:B.DG16&1:A.DC9&&1:B.DA17&1:A.DT8,B,"0.181,-0.134,3.519","0.725,0.689,0.024,-0.689,0.724,0.009,-0.011,-0.023,1.000"
1dpn,0,12,B,117,CG/GC,1:A.DC9&1:B.DG16&&1:A.DG10&1:B.DC15,B,"0.479,0.945,2.962","0.887,0.461,-0.030,-0.462,0.885,-0.062,-0.002,0.069,0.998"
1dpn,0,12,B,118,CG/GC,1:B.DC15&1:A.DG10&&1:B.DG16&1:A.DC9,B,"-0.770,0.431,3.019","0.887,0.461,0.002,-0.461,0.885,0.069,0.030,-0.062,0.998"
1dpn,0,12,B,119,GC/CG,1:A.DG10&1:B.DC15&&1:A.DC11&1:B.DG14,B,"-1.660,-0.021,3.265","0.712,0.684,0.158,-0.681,0.728,-0.079,-0.170,-0.051,0.984"
1dpn,0,12,B,120,GC/CG,1:B.DG14&1:A.DC11&&1:B.DC15&1:A.DG10,B,"0.682,0.856,3.496","0.712,0.681,0.169,-0.684,0.728,-0.051,-0.158,-0.080,0.984"
1en3,0,10,B,121,CG/AT,1:A.DC2&2:A.DG9&&1:A.DA3&2:A.DT8,.,"-1.046,2.511,3.212","0.634,0.764,0.123,-0.767,0.641,-0.034,-0.105,-0.072,0.992"
1en3,0,10,B,122,TA/GC,2:A.DT8&1:A.DA3&&2:A.DG9&1:A.DC2,.,"-1.650,2.302,3.114","0.634,0.766,0.105,-0.764,0.641,-0.073,-0.123,-0.035,0.992"
1en3,0,10,B,123,AT/AT,1:A.DA3&2:A.DT8&&1:A.DA4&2:A.DT7,B,"0.533,0.576,3.182","0.863,0.486,-0.141,-0.491,0.871,-0.001,0.122,0.069,0.990"
1en3,0,10,B,124,TA/TA,2:A.DT7&1:A.DA4&&2:A.DT8&1:A.DA3,B,"-0.293,0.238,3.256","0.863,0.491,-0.122,-0.486,0.871,0.070,0.140,-0.001,0.990"
1en3,0,10,B,125,AT/CG,1:A.DA4&2:A.DT7&&1:A.DC5&2:A.DG6,B,"0.415,-0.343,3.126","0.866,0.499,0.028,-0.499,0.866,0.035,-0.007,-0.044,0.999"
1en3,0,10,B,126,GC/TA,2:A.DG6&1:A.DC5&&2:A.DT7&1:A.DA4,B,"-0.276,-0.395,3.135","0.866,0.500,0.007,-0.498,0.866,-0.044,-0.028,0.035,0.999"
1en3,0,10,B,127,CG/GC,1:A.DC5&2:A.DG6&&1:A.DG6&2:A.DC5,B,"0.315,-0.018,3.750","0.711,0.689,-0.140,-0.690,0.722,0.057,0.140,0.057,0.988"
1en3,0,10,B,128,CG/GC,2:A.DC5&1:A.DG6&&2:A.DG6&1:A.DC5,B,"0.315,-0.018,3.750","0.711,0.689,-0.140,-0.690,0.722,0.057,0.140,0.057,0.988"
1en3,0,10,B,129,GC/TA,1:A.DG6&2:A.DC5&&1:A.DT7&2:A.DA4,B,"-0.276,-0.395,3.135","0.866,0.500,0.007,-0.498,0.866,-0.044,-0.028,0.035,0.999"
1en3,0,10,B,130,AT/CG,2:A.DA4&1:A.DT7&&2:A.DC5&1:A.DG6,B,"0.415,-0.343,3.126","0.866,0.499,0.028,-0.499,0.866,0.035,-0.007,-0.044,0.999"
1en3,0,10,B,131,TA/TA,1:A.DT7&2:A.DA4&&1:A.DT8&2:A.DA3,B,"-0.293,0.238,3.256","0.863,0.491,-0.122,-0.486,0.871,0.070,0.140,-0.001,0.990"
1en3,0,10,B,132,AT/AT,2:A.DA3&1:A.DT8&&2:A.DA4&1:A.DT7,B,"0.533,0.576,3.182","0.863,0.486,-0.141,-0.491,0.871,-0.001,0.122,0.069,0.990"
1en3,0,10,B,133,TA/GC,1:A.DT8&2:A.DA3&&1:A.DG9&2:A.DC2,.,"-1.650,2.302,3.114","0.634,0.766,0.105,-0.764,0.641,-0.073,-0.123,-0.035,0.992"
1en3,0,10,B,134,CG/AT,2:A.DC2&1:A.DG9&&2:A.DA3&1:A.DT8,.,"-1.046,2.511,3.212","0.634,0.764,0.123,-0.767,0.641,-0.034,-0.105,-0.072,0.992"
1en9,0,10,B,135,CG/AT,1:A.DC2&2:A.DG9&&1:A.DA3&2:A.DT8,.,"-1.261,2.572,3.217","0.625,0.775,0.095,-0.775,0.631,-0.044,-0.094,-0.046,0.994"
1en9,0,10,B,136,TA/GC,2:A.DT8&1:A.DA3&&2:A.DG9&1:A.DC2,.,"-1.509,2.457,3.200","0.625,0.775,0.094,-0.775,0.631,-0.045,-0.095,-0.044,0.994"
1en9,0,10,B,137,AT/GC,1:A.DA3&2:A.DT8&&1:A.DG4&2:A.DC7,B,"0.587,0.931,3.156","0.923,0.352,-0.158,-0.358,0.934,-0.018,0.142,0.073,0.987"
1en9,0,10,B,138,CG/TA,2:A.DC7&1:A.DG4&&2:A.DT8&1:A.DA3,B,"-0.370,0.603,3.267","0.923,0.358,-0.141,-0.351,0.933,0.073,0.158,-0.018,0.987"
1en9,0,10,B,139,GC/CG,1:A.DG4&2:A.DC7&&1:A.DC5&2:A.DG6,B,"-0.953,0.365,3.308","0.783,0.618,0.065,-0.618,0.786,-0.019,-0.062,-0.025,0.998"
1en9,0,10,B,140,GC/CG,2:A.DG6&1:A.DC5&&2:A.DC7&1:A.DG4,B,"0.309,0.812,3.351","0.784,0.618,0.062,-0.618,0.786,-0.025,-0.064,-0.019,0.998"
1en9,0,10,B,141,CG/GC,1:A.DC5&2:A.DG6&&1:A.DG6&2:A.DC5,B,"0.303,-0.006,3.721","0.735,0.664,-0.140,-0.665,0.745,0.053,0.140,0.053,0.989"
1en9,0,10,B,142,CG/GC,2:A.DC5&1:A.DG6&&2:A.DG6&1:A.DC5,B,"0.303,-0.006,3.721","0.735,0.664,-0.140,-0.665,0.745,0.053,0.140,0.053,0.989"
1en9,0,10,B,143,GC/CG,1:A.DG6&2:A.DC5&&1:A.DC7&2:A.DG4,B,"0.309,0.812,3.351","0.784,0.618,0.062,-0.618,0.786,-0.025,-0.064,-0.019,0.998"
1en9,0,10,B,144,GC/CG,2:A.DG4&1:A.DC7&&2:A.DC5&1:A.DG6,B,"-0.953,0.365,3.308","0.783,0.618,0.065,-0.618,0.786,-0.019,-0.062,-0.025,0.998"
1en9,0,10,B,145,CG/TA,1:A.DC7&2:A.DG4&&1:A.DT8&2:A.DA3,B,"-0.370,0.603,3.267","0.923,0.358,-0.141,-0.351,0.933,0.073,0.158,-0.018,0.987"
1en9,0,10,B,146,AT/GC,2:A.DA3&1:A.DT8&&2:A.DG4&1:A.DC7,B,"0.587,0.931,3.156","0.923,0.352,-0.158,-0.358,0.934,-0.018,0.142,0.073,0.987"
1en9,0,10,B,147,TA/GC,1:A.DT8&2:A.DA3&&1:A.DG9&2:A.DC2,.,"-1.509,2.457,3.200","0.625,0.775,0.094,-0.775,0.631,-0.045,-0.095,-0.044,0.994"
1en9,0,10,B,148,CG/AT,2:A.DC2&1:A.DG9&&2:A.DA3&1:A.DT8,.,"-1.261,2.572,3.217","0.625,0.775,0.095,-0.775,0.631,-0.044,-0.094,-0.046,0.994"
1enn,0,8,B,149,GC/AT,1:A.DG3&1:B.DC17&&1:A.DA4&1:B.DT16,.,"-1.110,1.084,3.259","0.787,0.612,-0.075,-0.613,0.790,0.009,0.065,0.039,0.997"
1enn,0,8,B,150,TA/CG,1:B.DT16&1:A.DA4&&1:B.DC17&1:A.DG3,.,"0.455,1.565,3.221","0.787,0.613,-0.065,-0.612,0.790,0.039,0.075,0.009,0.997"
1enn,0,8,B,151,AT/AT,1:A.DA4&1:B.DT16&&1:A.DA5&1:B.DT15,B,"0.530,-0.213,3.360","0.779,0.625,-0.037,-0.626,0.780,-0.005,0.025,0.027,0.999"
1enn,0,8,B,152,TA/TA,1:B.DT15&1:A.DA5&&1:B.DT16&1:A.DA4,B,"-0.156,-0.516,3.365","0.779,0.626,-0.025,-0.625,0.780,0.027,0.037,-0.005,0.999"
1enn,0,8,B,153,AT/TA,1:A.DA5&1:B.DT15&&1:A.DT6&1:B.DA14,B,"0.335,-0.572,3.312","0.858,0.513,-0.000,-0.514,0.858,0.006,0.004,-0.006,1.000"
1enn,0,8,B,154,AT/TA,1:B.DA14&1:A.DT6&&1:B.DT15&1:A.DA5,B,"0.007,-0.641,3.317","0.858,0.514,-0.004,-0.514,0.858,-0.005,0.000,0.007,1.000"
1enn,0,8,B,155,TA/TA,1:A.DT6&1:B.DA14&&1:A.DT7&1:B.DA13,B,"-0.261,-0.398,3.301","0.789,0.614,-0.026,-0.612,0.788,0.063,0.059,-0.034,0.998"
1enn,0,8,B,156,AT/AT,1:B.DA13&1:A.DT7&&1:B.DA14&1:A.DT6,B,"0.535,0.055,3.291","0.788,0.612,-0.059,-0.614,0.788,-0.034,0.026,0.063,0.998"
1enn,0,8,B,157,TA/CG,1:A.DT7&1:B.DA13&&1:A.DC8&1:B.DG12,.,"0.537,1.558,3.267","0.770,0.637,0.019,-0.637,0.771,0.010,-0.008,-0.019,1.000"
1enn,0,8,B,158,GC/AT,1:B.DG12&1:A.DC8&&1:B.DA13&1:A.DT7,.,"-1.468,0.889,3.232","0.770,0.637,0.009,-0.637,0.771,-0.019,-0.019,0.010,1.000"
1ikk,0,10,B,159,CG/TA,1:A.DC2&1:B.DG19&&1:A.DT3&1:B.DA18,B,"0.315,-0.500,3.504","0.800,0.600,-0.007,-0.600,0.799,0.026,0.021,-0.017,1.000"
1ikk,0,10,B,160,AT/GC,1:B.DA18&1:A.DT3&&1:B.DG19&1:A.DC2,B,"0.073,-0.499,3.518","0.800,0.600,-0.021,-0.600,0.799,-0.016,0.007,0.026,1.000"
1ikk,0,10,B,161,TA/TA,1:A.DT3&1:B.DA18&&1:A.DT4&1:B.DA17,B,"0.323,-0.110,3.150","0.774,0.630,-0.071,-0.634,0.768,-0.089,-0.001,0.113,0.994"
1ikk,0,10,B,162,AT/AT,1:B.DA17&1:A.DT4&&1:B.DA18&1:A.DT3,B,"0.041,-0.568,3.117","0.774,0.634,0.002,-0.630,0.769,0.113,0.071,-0.088,0.994"
1ikk,0,10,B,163,TA/TA,1:A.DT4&1:B.DA17&&1:A.DT5&1:B.DA16,B,"0.216,-0.152,3.321","0.809,0.586,0.041,-0.587,0.809,0.021,-0.021,-0.041,0.999"
1ikk,0,10,B,164,AT/AT,1:B.DA16&1:A.DT5&&1:B.DA17&1:A.DT4,B,"-0.222,-0.179,3.319","0.809,0.587,0.021,-0.586,0.809,-0.042,-0.041,0.021,0.999"
1ikk,0,10,B,165,TA/AT,1:A.DT5&1:B.DA16&&1:A.DA6&1:B.DT15,B,"-0.345,0.929,2.998","0.876,0.469,-0.109,-0.468,0.883,0.043,0.116,0.013,0.993"
1ikk,0,10,B,166,TA/AT,1:B.DT15&1:A.DA6&&1:B.DA16&1:A.DT5,B,"0.192,1.110,2.950","0.876,0.468,-0.116,-0.469,0.883,0.013,0.109,0.043,0.993"
1ikk,0,10,B,167,AT/AT,1:A.DA6&1:B.DT15&&1:A.DA7&1:B.DT14,B,"-1.061,0.702,3.245","0.729,0.681,0.070,-0.679,0.732,-0.044,-0.081,-0.016,0.997"
1ikk,0,10,B,168,TA/TA,1:B.DT14&1:A.DA7&&1:B.DT15&1:A.DA6,B,"0.067,1.093,3.309","0.729,0.680,0.081,-0.681,0.732,-0.016,-0.070,-0.044,0.997"
1ikk,0,10,B,169,AT/AT,1:A.DA7&1:B.DT14&&1:A.DA8&1:B.DT13,B,"0.367,0.046,3.295","0.790,0.613,0.025,-0.612,0.790,-0.014,-0.028,-0.004,1.000"
1ikk,0,10,B,170,TA/TA,1:B.DT13&1:A.DA8&&1:B.DT14&1:A.DA7,B,"-0.400,-0.236,3.283","0.790,0.613,0.028,-0.613,0.790,-0.004,-0.025,-0.014,1.000"
1ikk,0,10,B,171,AT/GC,1:A.DA8&1:B.DT13&&1:A.DG9&1:B.DC12,B,"0.669,-0.325,3.586","0.791,0.609,-0.063,-0.607,0.793,0.055,0.083,-0.005,0.997"
1ikk,0,10,B,172,CG/TA,1:B.DC12&1:A.DG9&&1:B.DT13&1:A.DA8,B,"-0.106,-0.468,3.630","0.791,0.606,-0.083,-0.609,0.793,-0.005,0.063,0.054,0.997"
1j8l,1,4,B,173,AT/TA,1:A.DA6&1:B.DT19&&1:A.DT7&1:B.DA18,B,"0.127,-0.711,3.328","0.849,0.529,0.006,-0.529,0.849,0.003,-0.003,-0.006,1.000"
1j8l,1,4,B,174,AT/TA,1:B.DA18&1:A.DT7&&1:B.DT19&1:A.DA6,B,"0.249,-0.660,3.332","0.849,0.529,0.003,-0.529,0.849,-0.005,-0.006,0.003,1.000"
1nvy,0,6,B,175,CG/GC,1:A.DC2&1:B.DG9&&1:A.DG3&1:B.DC8,.,"-0.991,2.585,3.322","0.786,0.618,0.011,-0.618,0.787,0.004,-0.006,-0.010,1.000"
1nvy,0,6,B,176,CG/GC,1:B.DC8&1:A.DG3&&1:B.DG9&1:A.DC2,.,"-0.854,2.658,3.302","0.786,0.618,0.007,-0.617,0.787,-0.010,-0.010,0.004,1.000"
1nvy,0,6,B,177,GC/GC,1:A.DG3&1:B.DC8&&1:A.DG4&1:B.DC7,.,"-0.670,2.345,3.391","0.748,0.658,-0.091,-0.663,0.747,-0.052,0.034,0.100,0.994"
1nvy,0,6,B,178,CG/CG,1:B.DC7&1:A.DG4&&1:B.DC8&1:A.DG3,.,"-0.732,2.019,3.582","0.748,0.663,-0.034,-0.658,0.747,0.099,0.091,-0.052,0.994"
1nvy,0,6,B,179,GC/TA,1:A.DG4&1:B.DC7&&1:A.DT5&1:B.DA6,B,"-0.643,-0.593,3.295","0.897,0.443,0.007,-0.443,0.896,0.020,0.002,-0.021,1.000"
1nvy,0,6,B,180,AT/CG,1:B.DA6&1:A.DT5&&1:B.DC7&1:A.DG4,B,"0.814,-0.182,3.305","0.897,0.443,-0.002,-0.443,0.897,-0.021,-0.008,0.020,1.000"
1nvy,3,6,B,181,CG/GC,2:A.DC2&2:B.DG9&&2:A.DG3&2:B.DC8,.,"-0.991,2.585,3.322","0.786,0.618,0.011,-0.618,0.787,0.004,-0.006,-0.010,1.000"
1nvy,3,6,B,182,CG/GC,2:B.DC8&2:A.DG3&&2:B.DG9&2:A.DC2,.,"-0.854,2.658,3.302","0.786,0.618,0.007,-0.617,0.787,-0.010,-0.010,0.004,1.000"
1nvy,3,6,B,183,GC/GC,2:A.DG3&2:B.DC8&&2:A.DG4&2:B.DC7,.,"-0.670,2.345,3.391","0.748,0.658,-0.091,-0.663,0.747,-0.052,0.034,0.100,0.994"
1nvy,3,6,B,184,CG/CG,2:B.DC7&2:A.DG4&&2:B.DC8&2:A.DG3,.,"-0.732,2.019,3.582","0.748,0.663,-0.034,-0.658,0.747,0.099,0.091,-0.052,0.994"
1nvy,3,6,B,185,GC/TA,2:A.DG4&2:B.DC7&&2:A.DT5&2:B.DA6,B,"-0.643,-0.593,3.295","0.897,0.443,0.007,-0.443,0.896,0.020,0.002,-0.021,1.000"
1nvy,3,6,B,186,AT/CG,2:B.DA6&2:A.DT5&&2:B.DC7&2:A.DG4,B,"0.814,-0.182,3.305","0.897,0.443,-0.002,-0.443,0.897,-0.021,-0.008,0.020,1.000"
1p54,0,6,B,187,GC/TA,1:A.DG4&1:B.DC17&&1:A.DT5&1:B.DA16,B,"1.043,0.105,3.133","0.862,0.490,-0.127,-0.482,0.872,0.088,0.154,-0.015,0.988"
1p54,0,6,B,188,AT/CG,1:B.DA16&1:A.DT5&&1:B.DC17&1:A.DG4,B,"-0.554,-0.136,3.254","0.862,0.483,-0.153,-0.490,0.872,-0.015,0.127,0.088,0.988"
1p54,3,6,B,189,GC/TA,2:A.DG4&2:B.DC17&&2:A.DT5&2:B.DA16,B,"1.043,0.105,3.133","0.862,0.490,-0.127,-0.482,0.872,0.088,0.154,-0.015,0.988"
1p54,3,6,B,190,AT/CG,2:B.DA16&2:A.DT5&&2:B.DC17&2:A.DG4,B,"-0.554,-0.136,3.254","0.862,0.483,-0.153,-0.490,0.872,-0.015,0.127,0.088,0.988"
1puy,0,6,B,191,TA/TA,1:A.DT2&1:A.DA13&&1:A.DT3&1:A.DA12,B,"-0.146,-0.636,3.316","0.794,0.601,0.091,-0.603,0.798,-0.005,-0.076,-0.050,0.996"
1puy,0,6,B,192,AT/AT,1:A.DA12&1:A.DT3&&1:A.DA13&1:A.DT2,B,"0.197,-0.436,3.345","0.794,0.603,0.076,-0.601,0.798,-0.050,-0.091,-0.005,0.996"
1puy,0,6,B,193,TA/TA,1:A.DT3&1:A.DA12&&1:A.DT4&1:A.DA11,B,"-0.071,-0.067,3.217","0.772,0.633,0.054,-0.635,0.773,0.005,-0.039,-0.038,0.999"
1puy,0,6,B,194,AT/AT,1:A.DA11&1:A.DT4&&1:A.DA12&1:A.DT3,B,"-0.077,0.010,3.217","0.772,0.635,0.039,-0.634,0.773,-0.038,-0.055,0.005,0.998"
1puy,0,6,B,195,TA/TA,1:A.DT4&1:A.DA11&&1:A.DT5&1:A.DA10,B,"-0.143,0.494,3.264","0.765,0.641,0.061,-0.642,0.767,-0.008,-0.052,-0.032,0.998"
1puy,0,6,B,196,AT/AT,1:A.DA10&1:A.DT5&&1:A.DA11&1:A.DT4,B,"-0.406,0.442,3.249","0.765,0.642,0.052,-0.641,0.767,-0.032,-0.061,-0.008,0.998"
1s23,0,8,B,197,CG/AT,1:A.DC3&2:A.DG8&&1:A.DA4&2:A.DT7,B,"-0.202,-0.117,3.309","0.833,0.545,-0.092,-0.541,0.838,0.068,0.114,-0.006,0.993"
1s23,0,8,B,198,TA/GC,2:A.DT7&1:A.DA4&&2:A.DG8&1:A.DC3,B,"0.536,0.234,3.266","0.833,0.541,-0.114,-0.545,0.838,-0.007,0.092,0.067,0.993"
1s23,0,8,B,199,AT/AT,1:A.DA4&2:A.DT7&&1:A.DA5&2:A.DT6,B,"0.193,-0.124,3.271","0.804,0.594,-0.015,-0.594,0.803,-0.050,-0.018,0.048,0.999"
1s23,0,8,B,200,TA/TA,2:A.DT6&1:A.DA5&&2:A.DT7&1:A.DA4,B,"-0.034,-0.377,3.257","0.805,0.594,0.018,-0.594,0.803,0.049,0.014,-0.049,0.999"
1s23,0,8,B,201,AT/TA,1:A.DA5&2:A.DT6&&1:A.DT6&2:A.DA5,B,"-0.000,-0.470,3.328","0.817,0.572,0.081,-0.572,0.820,-0.025,-0.081,-0.025,0.996"
1s23,0,8,B,202,AT/TA,2:A.DA5&1:A.DT6&&2:A.DT6&1:A.DA5,B,"-0.000,-0.470,3.328","0.817,0.572,0.081,-0.572,0.820,-0.025,-0.081,-0.025,0.996"
1s23,0,8,B,203,TA/TA,1:A.DT6&2:A.DA5&&1:A.DT7&2:A.DA4,B,"-0.034,-0.377,3.257","0.805,0.594,0.018,-0.594,0.803,0.049,0.014,-0.049,0.999"
1s23,0,8,B,204,AT/AT,2:A.DA4&1:A.DT7&&2:A.DA5&1:A.DT6,B,"0.193,-0.124,3.271","0.804,0.594,-0.015,-0.594,0.803,-0.050,-0.018,0.048,0.999"
1s23,0,8,B,205,TA/GC,1:A.DT7&2:A.DA4&&1:A.DG8&2:A.DC3,B,"0.536,0.234,3.266","0.833,0.541,-0.114,-0.545,0.838,-0.007,0.092,0.067,0.993"
1s23,0,8,B,206,CG/AT,2:A.DC3&1:A.DG8&&2:A.DA4&1:A.DT7,B,"-0.202,-0.117,3.309","0.833,0.545,-0.092,-0.541,0.838,0.068,0.114,-0.006,0.993"
1s2r,0,12,B,207,GC/CG,1:A.DG2&1:B.DC23&&1:A.DC3&1:B.DG22,B,"1.072,0.830,3.302","0.784,0.619,-0.036,-0.620,0.785,0.016,0.038,0.009,0.999"
1s2r,0,12,B,208,GC/CG,1:B.DG22&1:A.DC3&&1:B.DC23&1:A.DG2,B,"-1.238,0.042,3.348","0.784,0.619,-0.038,-0.620,0.785,0.009,0.035,0.016,0.999"
1s2r,0,12,B,209,CG/AT,1:A.DC3&1:B.DG22&&1:A.DA4&1:B.DT21,B,"-0.624,0.799,3.270","0.881,0.449,-0.147,-0.439,0.894,0.094,0.173,-0.019,0.985"
1s2r,0,12,B,210,TA/GC,1:B.DT21&1:A.DA4&&1:B.DG22&1:A.DC3,B,"0.670,1.297,3.097","0.881,0.440,-0.173,-0.449,0.893,-0.019,0.147,0.094,0.985"
1s2r,0,12,B,211,AT/AT,1:A.DA4&1:B.DT21&&1:A.DA5&1:B.DT20,B,"0.292,0.047,3.350","0.792,0.611,0.001,-0.611,0.792,0.005,0.003,-0.004,1.000"
1s2r,0,12,B,212,TA/TA,1:B.DT20&1:A.DA5&&1:B.DT21&1:A.DA4,B,"-0.262,-0.123,3.350","0.792,0.611,-0.002,-0.611,0.791,-0.005,-0.000,0.005,1.000"
1s2r,0,12,B,213,AT/AT,1:A.DA5&1:B.DT20&&1:A.DA6&1:B.DT19,B,"0.223,-0.288,3.312","0.790,0.613,0.005,-0.613,0.790,-0.018,-0.015,0.012,1.000"
1s2r,0,12,B,214,TA/TA,1:B.DT19&1:A.DA6&&1:B.DT20&1:A.DA5,B,"-0.016,-0.424,3.305","0.790,0.613,0.015,-0.613,0.790,0.012,-0.005,-0.018,1.000"
1s2r,0,12,B,215,AT/TA,1:A.DA6&1:B.DT19&&1:A.DT7&1:B.DA18,B,"0.267,-0.605,3.328","0.860,0.511,0.010,-0.510,0.860,0.011,-0.003,-0.014,1.000"
1s2r,0,12,B,216,AT/TA,1:B.DA18&1:A.DT7&&1:B.DT19&1:A.DA6,B,"0.047,-0.622,3.335","0.860,0.511,0.003,-0.510,0.860,-0.014,-0.010,0.011,1.000"
1s2r,0,12,B,217,TA/TA,1:A.DT7&1:B.DA18&&1:A.DT8&1:B.DA17,B,"-0.225,-0.391,3.307","0.789,0.613,0.032,-0.614,0.789,0.019,-0.015,-0.034,0.999"
1s2r,0,12,B,218,AT/AT,1:B.DA17&1:A.DT8&&1:B.DA18&1:A.DT7,B,"0.310,-0.109,3.322","0.790,0.613,0.014,-0.613,0.789,-0.035,-0.033,0.018,0.999"
1s2r,0,12,B,219,TA/TA,1:A.DT8&1:B.DA17&&1:A.DT9&1:B.DA16,B,"-0.113,-0.024,3.389","0.754,0.654,0.066,-0.655,0.755,0.007,-0.045,-0.048,0.998"
1s2r,0,12,B,220,AT/AT,1:B.DA16&1:A.DT9&&1:B.DA17&1:A.DT8,B,"-0.121,0.078,3.388","0.754,0.656,0.045,-0.654,0.755,-0.047,-0.066,0.007,0.998"
1s2r,0,12,B,221,TA/GC,1:A.DT9&1:B.DA16&&1:A.DG10&1:B.DC15,B,"0.404,1.123,2.967","0.876,0.481,-0.035,-0.483,0.873,-0.067,-0.002,0.076,0.997"
1s2r,0,12,B,222,CG/AT,1:B.DC15&1:A.DG10&&1:B.DA16&1:A.DT9,B,"-0.790,0.586,3.043","0.876,0.483,0.002,-0.482,0.873,0.076,0.035,-0.067,0.997"
1s2r,0,12,B,223,GC/CG,1:A.DG10&1:B.DC15&&1:A.DC11&1:B.DG14,B,"-1.745,-0.121,3.347","0.744,0.663,0.088,-0.661,0.749,-0.053,-0.102,-0.020,0.995"
1s2r,0,12,B,224,GC/CG,1:B.DG14&1:A.DC11&&1:B.DC15&1:A.DG10,B,"1.081,0.886,3.509","0.743,0.661,0.101,-0.663,0.749,-0.019,-0.089,-0.053,0.995"
1sgs,0,16,B,225,CG/TA,1:A.DC3&2:A.DG16&&1:A.DT4&2:A.DA15,B,"-0.441,-0.320,3.298","0.872,0.488,-0.038,-0.488,0.872,0.033,0.050,-0.009,0.999"
1sgs,0,16,B,226,AT/GC,2:A.DA15&1:A.DT4&&2:A.DG16&1:A.DC3,B,"0.668,0.043,3.275","0.872,0.487,-0.049,-0.489,0.872,-0.009,0.039,0.033,0.999"
1sgs,0,16,B,227,TA/GC,1:A.DT4&2:A.DA15&&1:A.DG5&2:A.DC14,B,"0.165,1.114,3.474","0.728,0.686,0.009,-0.685,0.727,0.035,0.017,-0.031,0.999"
1sgs,0,16,B,228,CG/AT,2:A.DC14&1:A.DG5&&2:A.DA15&1:A.DT4,B,"-0.915,0.817,3.440","0.728,0.686,-0.017,-0.685,0.728,-0.031,-0.009,0.034,0.999"
1sgs,0,16,B,229,GC/GC,1:A.DG5&2:A.DC14&&1:A.DG6&2:A.DC13,B,"1.013,0.293,3.103","0.926,0.362,-0.105,-0.364,0.931,-0.001,0.097,0.039,0.995"
1sgs,0,16,B,230,CG/CG,2:A.DC13&1:A.DG6&&2:A.DC14&1:A.DG5,B,"-0.721,-0.098,3.196","0.926,0.364,-0.097,-0.362,0.931,0.039,0.104,-0.001,0.995"
1sgs,0,16,B,231,GC/AT,1:A.DG6&2:A.DC13&&1:A.DA7&2:A.DT12,B,"-1.181,0.073,3.337","0.764,0.645,-0.008,-0.645,0.764,-0.024,-0.009,0.022,1.000"
1sgs,0,16,B,232,TA/CG,2:A.DT12&1:A.DA7&&2:A.DC13&1:A.DG6,B,"0.880,0.740,3.349","0.764,0.645,0.010,-0.645,0.764,0.023,0.008,-0.023,1.000"
1sgs,0,16,B,233,AT/AT,1:A.DA7&2:A.DT12&&1:A.DA8&2:A.DT11,B,"0.421,0.009,3.196","0.839,0.544,0.002,-0.545,0.839,-0.005,-0.004,0.003,1.000"
1sgs,0,16,B,234,TA/TA,2:A.DT11&1:A.DA8&&2:A.DT12&1:A.DA7,B,"-0.365,-0.237,3.195","0.839,0.545,0.004,-0.545,0.839,0.003,-0.002,-0.005,1.000"
1sgs,0,16,B,235,AT/AT,1:A.DA8&2:A.DT11&&1:A.DA9&2:A.DT10,B,"-0.148,-0.109,3.278","0.773,0.634,0.004,-0.633,0.773,-0.046,-0.032,0.033,0.999"
1sgs,0,16,B,236,TA/TA,2:A.DT10&1:A.DA9&&2:A.DT11&1:A.DA8,B,"0.171,-0.140,3.276","0.773,0.633,0.032,-0.634,0.773,0.033,-0.004,-0.046,0.999"
1sgs,0,16,B,237,AT/TA,1:A.DA9&2:A.DT10&&1:A.DT10&2:A.DA9,B,"0.147,-0.604,3.252","0.839,0.545,0.018,-0.545,0.839,-0.006,-0.018,-0.005,1.000"
1sgs,0,16,B,238,AT/TA,2:A.DA9&1:A.DT10&&2:A.DT10&1:A.DA9,B,"0.147,-0.604,3.252","0.839,0.545,0.018,-0.545,0.839,-0.006,-0.018,-0.005,1.000"
1sgs,0,16,B,239,TA/TA,1:A.DT10&2:A.DA9&&1:A.DT11&2:A.DA8,B,"0.171,-0.140,3.276","0.773,0.633,0.032,-0.634,0.773,0.033,-0.004,-0.046,0.999"
1sgs,0,16,B,240,AT/AT,2:A.DA8&1:A.DT11&&2:A.DA9&1:A.DT10,B,"-0.148,-0.109,3.278","0.773,0.634,0.004,-0.633,0.773,-0.046,-0.032,0.033,0.999"
1sgs,0,16,B,241,TA/TA,1:A.DT11&2:A.DA8&&1:A.DT12&2:A.DA7,B,"-0.365,-0.237,3.195","0.839,0.545,0.004,-0.545,0.839,0.003,-0.002,-0.005,1.000"
1sgs,0,16,B,242,AT/AT,2:A.DA7&1:A.DT12&&2:A.DA8&1:A.DT11,B,"0.421,0.009,3.196","0.839,0.544,0.002,-0.545,0.839,-0.005,-0.004,0.003,1.000"
1sgs,0,16,B,243,TA/CG,1:A.DT12&2:A.DA7&&1:A.DC13&2:A.DG6,B,"0.880,0.740,3.349","0.764,0.645,0.010,-0.645,0.764,0.023,0.008,-0.023,1.000"
1sgs,0,16,B,244,GC/AT,2:A.DG6&1:A.DC13&&2:A.DA7&1:A.DT12,B,"-1.181,0.073,3.337","0.764,0.645,-0.008,-0.645,0.764,-0.024,-0.009,0.022,1.000"
1sgs,0,16,B,245,CG/CG,1:A.DC13&2:A.DG6&&1:A.DC14&2:A.DG5,B,"-0.721,-0.098,3.196","0.926,0.364,-0.097,-0.362,0.931,0.039,0.104,-0.001,0.995"
1sgs,0,16,B,246,GC/GC,2:A.DG5&1:A.DC14&&2:A.DG6&1:A.DC13,B,"1.013,0.293,3.103","0.926,0.362,-0.105,-0.364,0.931,-0.001,0.097,0.039,0.995"
1sgs,0,16,B,247,CG/AT,1:A.DC14&2:A.DG5&&1:A.DA15&2:A.DT4,B,"-0.915,0.817,3.440","0.728,0.686,-0.017,-0.685,0.728,-0.031,-0.009,0.034,0.999"
1sgs,0,16,B,248,TA/GC,2:A.DT4&1:A.DA15&&2:A.DG5&1:A.DC14,B,"0.165,1.114,3.474","0.728,0.686,0.009,-0.685,0.727,0.035,0.017,-0.031,0.999"
1sgs,0,16,B,249,AT/GC,1:A.DA15&2:A.DT4&&1:A.DG16&2:A.DC3,B,"0.668,0.043,3.275","0.872,0.487,-0.049,-0.489,0.872,-0.009,0.039,0.033,0.999"
1sgs,0,16,B,250,CG/TA,2:A.DC3&1:A.DG16&&2:A.DT4&1:A.DA15,B,"-0.441,-0.320,3.298","0.872,0.488,-0.038,-0.488,0.872,0.033,0.050,-0.009,0.999"
1sk5,0,10,B,251,TA/TA,1:A.DT2&1:B.DA19&&1:A.DT3&1:B.DA18,B,"-0.443,-0.245,3.228","0.785,0.614,0.085,-0.614,0.789,-0.033,-0.088,-0.027,0.996"
1sk5,0,10,B,252,AT/AT,1:B.DA18&1:A.DT3&&1:B.DA19&1:A.DT2,B,"0.222,-0.028,3.259","0.785,0.614,0.088,-0.614,0.789,-0.026,-0.086,-0.033,0.996"
1sk5,0,10,B,253,TA/TA,1:A.DT3&1:B.DA18&&1:A.DT4&1:B.DA17,B,"-0.165,-0.009,3.330","0.772,0.635,-0.025,-0.635,0.772,-0.008,0.015,0.022,1.000"
1sk5,0,10,B,254,AT/AT,1:B.DA17&1:A.DT4&&1:B.DA18&1:A.DT3,B,"0.217,0.071,3.327","0.772,0.635,-0.014,-0.635,0.772,0.022,0.025,-0.008,1.000"
1sk5,0,10,B,255,TA/TA,1:A.DT4&1:B.DA17&&1:A.DT5&1:B.DA16,B,"-0.228,0.668,3.309","0.737,0.673,0.061,-0.675,0.738,-0.008,-0.050,-0.035,0.998"
1sk5,0,10,B,256,AT/AT,1:B.DA16&1:A.DT5&&1:B.DA17&1:A.DT4,B,"-0.483,0.622,3.291","0.737,0.675,0.050,-0.673,0.738,-0.036,-0.060,-0.008,0.998"
1sk5,0,10,B,257,TA/AT,1:A.DT5&1:B.DA16&&1:A.DA6&1:B.DT15,B,"-0.104,1.180,3.064","0.874,0.472,-0.114,-0.472,0.881,0.023,0.112,0.034,0.993"
1sk5,0,10,B,258,TA/AT,1:B.DT15&1:A.DA6&&1:B.DA16&1:A.DT5,B,"-0.115,1.159,3.072","0.874,0.472,-0.112,-0.471,0.881,0.034,0.114,0.023,0.993"
1sk5,0,10,B,259,AT/AT,1:A.DA6&1:B.DT15&&1:A.DA7&1:B.DT14,B,"-0.059,-0.092,3.246","0.819,0.573,-0.009,-0.574,0.818,-0.040,-0.015,0.039,0.999"
1sk5,0,10,B,260,TA/TA,1:B.DT14&1:A.DA7&&1:B.DT15&1:A.DA6,B,"0.131,-0.173,3.240","0.819,0.573,0.015,-0.574,0.818,0.038,0.009,-0.041,0.999"
1sk5,0,10,B,261,AT/AT,1:A.DA7&1:B.DT14&&1:A.DA8&1:B.DT13,B,"0.106,-0.221,3.062","0.794,0.608,0.002,-0.606,0.793,0.066,0.039,-0.055,0.998"
1sk5,0,10,B,262,TA/TA,1:B.DT13&1:A.DA8&&1:B.DT14&1:A.DA7,B,"0.042,-0.036,3.071","0.794,0.606,-0.039,-0.607,0.793,-0.054,-0.003,0.066,0.998"
1sk5,0,10,B,263,AT/AT,1:A.DA8&1:B.DT13&&1:A.DA9&1:B.DT12,B,"-0.047,-0.236,3.253","0.756,0.645,0.113,-0.647,0.762,-0.034,-0.109,-0.047,0.993"
1sk5,0,10,B,264,TA/TA,1:B.DT12&1:A.DA9&&1:B.DT13&1:A.DA8,B,"-0.181,-0.261,3.246","0.755,0.646,0.109,-0.646,0.762,-0.048,-0.113,-0.034,0.993"
1zf0,0,10,B,265,CG/GC,1:A.DC2&1:B.DG19&&1:A.DG3&1:B.DC18,B,"-0.908,0.448,3.024","0.815,0.561,-0.145,-0.573,0.817,-0.065,0.082,0.135,0.987"
1zf0,0,10,B,266,CG/GC,1:B.DC18&1:A.DG3&&1:B.DG19&1:A.DC2,B,"0.927,0.692,2.972","0.815,0.574,-0.082,-0.561,0.817,0.136,0.145,-0.064,0.987"
1zf0,0,10,B,267,GC/TA,1:A.DG3&1:B.DC18&&1:A.DT4&1:B.DA17,B,"-0.753,-0.893,3.599","0.839,0.544,-0.009,-0.544,0.839,-0.010,0.001,0.014,1.000"
1zf0,0,10,B,268,AT/CG,1:B.DA17&1:A.DT4&&1:B.DC18&1:A.DG3,B,"1.149,-0.378,3.585","0.839,0.544,-0.001,-0.544,0.839,0.013,0.009,-0.011,1.000"
1zf0,0,10,B,269,TA/TA,1:A.DT4&1:B.DA17&&1:A.DT5&1:B.DA16,B,"0.964,0.630,3.079","0.809,0.588,-0.009,-0.588,0.808,0.026,0.022,-0.015,1.000"
1zf0,0,10,B,270,AT/AT,1:B.DA16&1:A.DT5&&1:B.DA17&1:A.DT4,B,"-1.122,0.021,3.090","0.809,0.588,-0.022,-0.588,0.809,-0.015,0.009,0.026,1.000"
1zf0,0,10,B,271,TA/AT,1:A.DT5&1:B.DA16&&1:A.DA6&1:B.DT15,B,"-0.965,1.149,3.410","0.761,0.645,0.060,-0.646,0.763,-0.013,-0.054,-0.030,0.998"
1zf0,0,10,B,272,TA/AT,1:B.DT15&1:A.DA6&&1:B.DA16&1:A.DT5,B,"-0.213,1.459,3.421","0.761,0.646,0.054,-0.645,0.764,-0.029,-0.060,-0.012,0.998"
1zf0,0,10,B,273,AT/AT,1:A.DA6&1:B.DT15&&1:A.DA7&1:B.DT14,B,"0.203,-0.173,2.939","0.857,0.515,-0.024,-0.516,0.856,-0.041,-0.000,0.048,0.999"
1zf0,0,10,B,274,TA/TA,1:B.DT14&1:A.DA7&&1:B.DT15&1:A.DA6,B,"-0.014,-0.374,2.927","0.857,0.516,0.001,-0.515,0.856,0.047,0.024,-0.041,0.999"
1zf0,0,10,B,275,AT/CG,1:A.DA7&1:B.DT14&&1:A.DC8&1:B.DG13,.,"-0.946,-0.292,3.353","0.802,0.591,-0.087,-0.597,0.798,-0.086,0.017,0.122,0.992"
1zf0,0,10,B,276,GC/TA,1:B.DG13&1:A.DC8&&1:B.DT14&1:A.DA7,.,"1.222,0.040,3.275","0.802,0.597,-0.018,-0.591,0.798,0.121,0.086,-0.087,0.992"
1zf0,0,10,B,277,CG/GC,1:A.DC8&1:B.DG13&&1:A.DG9&1:B.DC12,B,"0.400,0.815,3.645","0.792,0.609,-0.037,-0.605,0.791,0.091,0.084,-0.049,0.995"
1zf0,0,10,B,278,CG/GC,1:B.DC12&1:A.DG9&&1:B.DG13&1:A.DC8,B,"-0.679,0.733,3.621","0.792,0.605,-0.084,-0.609,0.791,-0.049,0.037,0.091,0.995"
1zf4,0,6,B,279,CG/GC,1:A.DC2&1:B.DG19&&1:A.DG3&1:B.DC18,.,"-0.931,2.488,3.492","0.816,0.578,0.034,-0.579,0.815,0.027,-0.012,-0.042,0.999"
1zf4,0,6,B,280,CG/GC,1:B.DC18&1:A.DG3&&1:B.DG19&1:A.DC2,.,"-0.798,2.662,3.395","0.816,0.579,0.012,-0.578,0.815,-0.042,-0.034,0.027,0.999"
1zf4,0,6,B,281,GC/AT,1:A.DG3&1:B.DC18&&1:A.DA4&1:B.DT17,B,"-0.722,1.588,3.067","0.745,0.649,-0.152,-0.662,0.748,-0.049,0.082,0.137,0.987"
1zf4,0,6,B,282,TA/CG,1:B.DT17&1:A.DA4&&1:B.DC18&1:A.DG3,B,"-0.026,1.516,3.187","0.745,0.662,-0.082,-0.649,0.748,0.137,0.152,-0.049,0.987"
1zf4,0,6,B,283,AT/TA,1:A.DA4&1:B.DT17&&1:A.DT5&1:B.DA16,B,"0.068,-0.524,3.478","0.877,0.473,-0.091,-0.474,0.880,0.023,0.091,0.024,0.996"
1zf4,0,6,B,284,AT/TA,1:B.DA16&1:A.DT5&&1:B.DT17&1:A.DA4,B,"0.506,-0.416,3.457","0.876,0.473,-0.091,-0.473,0.881,0.024,0.091,0.022,0.996"
1zf4,3,6,B,285,CG/GC,2:A.DC2&2:B.DG19&&2:A.DG3&2:B.DC18,.,"-0.931,2.488,3.492","0.816,0.578,0.034,-0.579,0.815,0.027,-0.012,-0.042,0.999"
1zf4,3,6,B,286,CG/GC,2:B.DC18&2:A.DG3&&2:B.DG19&2:A.DC2,.,"-0.798,2.662,3.395","0.816,0.579,0.012,-0.578,0.815,-0.042,-0.034,0.027,0.999"
1zf4,3,6,B,287,GC/AT,2:A.DG3&2:B.DC18&&2:A.DA4&2:B.DT17,B,"-0.722,1.588,3.067","0.745,0.649,-0.152,-0.662,0.748,-0.049,0.082,0.137,0.987"
1zf4,3,6,B,288,TA/CG,2:B.DT17&2:A.DA4&&2:B.DC18&2:A.DG3,B,"-0.026,1.516,3.187","0.745,0.662,-0.082,-0.649,0.748,0.137,0.152,-0.049,0.987"
1zf4,3,6,B,289,AT/TA,2:A.DA4&2:B.DT17&&2:A.DT5&2:B.DA16,B,"0.068,-0.524,3.478","0.877,0.473,-0.091,-0.474,0.880,0.023,0.091,0.024,0.996"
